2.6405917910192604 -0.3427506135459809
2.740433215839828 -0.33712123659243715
2.8402746407619093 -0.3314918614351545
2.9401160658870187 -0.32586248987039423
3.0399574913166694 -0.3202331236944174
3.1397989171523752 -0.3146037647034852
3.2396403434956507 -0.3089744146938588
3.339481770448009 -0.3033450754617993
3.4393231981109644 -0.2977157488035678
3.5391646265860306 -0.29208643651542565
3.639006055974721 -0.28645714039363385
3.73884748637855 -0.28082786223445366
3.8386889178990318 -0.2751986038341461
3.93853035063768 -0.26956936698897244
4.038371784696007 -0.2639401534951938
4.13821322017553 -0.2583109651490712
4.2380546571777575 -0.2526818037468661
4.337896095804209 -0.24705267108483941
4.437737536156395 -0.24142356895925235
4.537578978335831 -0.2357944991663661
4.63742042244403 -0.23016546350244177
4.737261868582505 -0.22453646376374056
4.8371033168527715 -0.21890750174652357
4.936944767356342 -0.213278579247052
5.036786220194731 -0.20764969806158703
5.1366276754694535 -0.20202085998638977
5.236469133180506 -0.19639206502144535
5.336310592921833 -0.1907633059816348
5.436152054185855 -0.18513457388556315
5.535993516465001 -0.1795058597518354
5.635834979251696 -0.17387715459905664
5.735676442038367 -0.16824844944583178
5.835517904317437 -0.1626197353107659
5.935359365581334 -0.15699100321246395
6.035200825322484 -0.15136224416953112
6.13504228303331 -0.14573344920057224
6.23488373820624 -0.14010460932419244
6.3347251903337 -0.13447571555899662
6.434566638908115 -0.12884675892359
6.53440808342191 -0.12321773043657738
6.6342495233675125 -0.11758862111656393
6.7340909582373465 -0.11195942198215456
6.833932387523839 -0.10633012405195438
6.933773810719413 -0.10070071834456838
7.033615227316499 -0.09507119587860151
7.1334566368075185 -0.08944154767265888
7.233298038684901 -0.08381176474534545
7.333139432441068 -0.0781818381152663
7.432980817568448 -0.07255175880102636
7.532822193559466 -0.06692151782123074
7.632663559906548 -0.061291106194484406
7.732504916508184 -0.0556605221245879
7.832346264887117 -0.05002979255612418
7.932187606972159 -0.04439895161887167
8.032028944692117 -0.038768033442608964
8.131870279975802 -0.03313707215711454
8.231711614752022 -0.027506101892166842
8.331552950949586 -0.021875156777544487
8.431394290497304 -0.016244270943025878
8.531235635323984 -0.010613478518389636
8.631076987358437 -0.0049828136334141996
8.73091834852947 0.0006476895821219614
8.830759720765892 0.006277996998440249
8.930601105996516 0.011908074485762235
9.030442506150145 0.01753788791430932
9.130283923155593 0.023167403154303046
9.230125358941669 0.02879658607596496
9.32996681543718 0.034425402549516454
9.429808294570934 0.040053818445179114
9.529649798271743 0.04568179963317433
9.629491328468415 0.05130931198372365
9.72933288708976 0.056936321367048605
9.829174476064587 0.06256279365337059
9.929016097321703 0.0681886947129112
10.028857752789918 0.07381399041589183
10.128699444398043 0.07943864663253403
10.228541172552132 0.08506265617781515
10.328382931567218 0.09068611964573002
10.428224714235583 0.0963091645750266
10.528066513349499 0.10193191850445263
10.627908321701256 0.10755450897275602
10.727750132083129 0.11317706351868467
10.827591937287398 0.11879970968098648
10.927433730106342 0.12442257499840914
11.027275503332241 0.1300457870097006
11.127117249757376 0.13566947325360865
11.226958962174026 0.14129376126888132
11.326800633374472 0.14691877859426639
11.426642256150993 0.1525446527685116
11.526483823295864 0.15817151133036486
11.626325327601371 0.1637994818185741
11.72616676185979 0.16942869177188713
11.826008118863404 0.1750592687290519
11.925849391404492 0.1806913402288161
12.02569057227533 0.18632503380992768
12.125531654268201 0.19196047701113447
12.225372630175386 0.19759779737118444
12.32521349278916 0.20323712242882522
12.425054234901808 0.20887857972280485
12.524894849305603 0.2145222967918711
12.624735328792834 0.22016840117477188
12.72457567201554 0.2258169167153946
12.82441590106483 0.23146745247817868
12.92425604389159 0.2371195138327004
13.024096128446686 0.24277260614853607
13.123936182681001 0.24842623479526188
13.223776234545413 0.25407990514245415
13.323616311990799 0.25973312255968883
13.423456442968028 0.26538539241654246
13.523296655427984 0.27103622008259104
13.623136977321545 0.2766851109274109
13.722977436599585 0.28233157032057843
13.822818061212981 0.2879751036316696
13.92265887911261 0.29361521623026066
14.022499918249348 0.29925141348592793
14.122341206574072 0.3048832007682477
14.222182772037666 0.31051008344679615
14.322024642590995 0.3161315668911494
14.421866846184944 0.3217471564708838
14.52170941077039 0.3273563575555756
14.621552364298203 0.3329586755148008
14.72139573471927 0.338553615718136
14.821239549984455 0.3441406835351572
14.921083838044646 0.34971938433544064
15.020928626850717 0.35528922348856246
15.120773944353543 0.3608497063640991
15.2206198158352 0.36640037765779865
15.320466255902547 0.37194093937006223
15.42031327649364 0.37747113282744615
15.520160889546542 0.3829906993565061
15.620009106999309 0.3884993802837983
15.719857940790002 0.3939969169358788
15.819707402856675 0.39948305063930334
15.919557505137389 0.4049575227206281
16.019408259570202 0.41042007450640905
16.119259678093172 0.41587044732320216
16.219111772644364 0.4213083824975636
16.318964555161823 0.42673362135604914
16.41881803758362 0.43214590522521484
16.518672231847805 0.4375449754316167
16.61852714989244 0.4429305733018108
16.718382803655587 0.44830244016235316
16.818239205075297 0.45366031733979967
16.91809636608963 0.4590039461607064
17.01795429863665 0.4643330679516292
17.117813014654413 0.46964742403912435
17.217672526080975 0.47494675574974765
17.317532844854394 0.48023080441005517
17.41739398291273 0.48549931134660285
17.517255952194045 0.4907520178859468
17.61711876463639 0.4959886653546428
17.716982429038016 0.5012090534841102
17.81684694163844 0.5064132156150754
17.91671229553765 0.5116012434880568
18.016578483835623 0.5167732288435726
18.116445499632345 0.5219292634221407
18.2163133360278 0.5270694389642798
18.31618198612196 0.5321938472105073
18.416051443014823 0.5373025799013419
18.515921699806356 0.5423957287773016
18.615792749596547 0.5474733855789045
18.71566458548538 0.5525356420466687
18.815537200572834 0.5575825899211123
18.915410587958892 0.5626143209427538
19.01528474074354 0.567630926852111
19.115159652026747 0.5726324993897021
19.215035314908512 0.5776191302960455
19.3149117224888 0.5825909113116587
19.414788867867614 0.5875479341770606
19.514666744144915 0.5924902906327691
19.6145453444207 0.5974180724193021
19.71442466179494 0.6023313712771781
19.81430468936762 0.607230278946915
19.91418542023873 0.612114887169031
20.014066847508246 0.6169852876840444
20.113948964276148 0.6218415722324729
20.21383176519216 0.6266837991023092
20.313715251104437 0.6315118927830355
20.413599424410595 0.6363257443174055
20.51348428750826 0.6411252447481727
20.613369842795052 0.6459102851180905
20.713256092668598 0.6506807564699126
20.813143039526512 0.6554365498463923
20.913030685766426 0.6601775562902834
21.012919033785955 0.6649036668443394
21.112808085982728 0.6696147725513135
21.212697844754366 0.6743107644539598
21.31258831249848 0.6789915335950312
21.41247949161271 0.6836569710172817
21.512371384494678 0.6883069677634649
21.612263993541987 0.6929414148763337
21.71215732115228 0.6975602033986422
21.812051369723164 0.7021632243731439
21.911946141652273 0.706750368842592
22.011841639337224 0.7113215278497403
22.111737865175638 0.7158765924373421
22.211634821565145 0.7204154536481513
22.311532510903362 0.7249380025249214
22.411430935587905 0.7294441301104054
22.511330098016412 0.7339337274473573
22.61123000058649 0.7384066855785305
22.711130636186162 0.7428631195256097
22.811031959669933 0.7473040401096145
22.91093391638516 0.751730682072304
23.010836451679232 0.7561442801554384
23.110739510899492 0.7605460691007769
23.21064303939333 0.7649372836500796
23.310546982508104 0.7693191585451059
23.410451285591176 0.7736929285276152
23.51035589398992 0.7780598283393673
23.6102607530517 0.7824210927221216
23.710165808123897 0.7867779564176383
23.810071004553865 0.7911316541676766
23.909976287688973 0.7954834207139959
24.009881602876593 0.7998344907983563
24.109786895464087 0.8041860991625172
24.20969211079883 0.8085394805482381
24.30959719422819 0.812895869697279
24.409502091099522 0.8172565013513992
24.50940674676021 0.8216226102523582
24.609311106557605 0.8259954311419159
24.709215115839093 0.8303761987618318
24.809118719952032 0.8347661478538656
24.909021864243783 0.8391665131597769
25.00892449417793 0.8435785267469298
25.10882657306378 0.8480030099412091
25.20872810111969 0.8524399345636511
25.308629083136452 0.856889167194747
25.40852952390488 0.8613505744149885
25.50842942821576 0.865824022804867
25.6083288008599 0.8703093789448743
25.70822764662811 0.8748065094155018
25.80812597031118 0.8793152807972409
25.908023776699917 0.8838355596705832
26.007921070585116 0.8883672126160205
26.107817856757585 0.8929101062140438
26.207714140008118 0.8974641070451451
26.307609925127533 0.9020290816898159
26.40750521690661 0.9066048967285473
26.50740002013616 0.9111914187418314
26.607294339606984 0.9157885143101592
26.707188180109885 0.9203960500140227
26.807081546435665 0.9250138924339132
26.906974443375116 0.9296419081503221
27.00686687571905 0.9342799637437413
27.10675884825826 0.938927925794662
27.20665036578356 0.9435856608835759
27.30654143308574 0.9482530355909747
27.4064320549556 0.9529299164973493
27.506322236169197 0.9576161705206993
27.60621197923649 0.9623117164106595
27.70610128198082 0.9670165801143007
27.805990141644912 0.9717308008585185
27.90587855547149 0.9764544178702084
28.0057665207033 0.9811874703762663
28.105654034583058 0.9859299976035878
28.205541094353514 0.990682038779069
28.30542769725739 0.9954436331296054
28.405313840537413 1.0002148198820924
28.505199521436325 1.0049956382634262
28.605084737196854 1.0097861275005022
28.70496948506173 1.0145863268202167
28.80485376227369 1.0193962754494645
28.90473756607546 1.0242160126151423
29.004620893709774 1.0290455775441452
29.104503742419364 1.033885009463369
29.204386109446965 1.0387343475997095
29.304267992035307 1.0435936311800627
29.40414938742712 1.0484628994313236
29.50403029286514 1.0533421915803887
29.60391070559209 1.0582315468541534
29.703790622850715 1.0631310044795137
29.803670041883738 1.0680406036833647
29.903548959933893 1.072960383692603
30.003427374249785 1.077890383610947
30.103305282981413 1.0828306236270586
30.20318268614305 1.0877810848104557
30.303059583979888 1.0927417433846058
30.402935976737115 1.097712575572975
30.502811864659936 1.102693557599032
30.602687247993547 1.1076846656862418
30.70256212698315 1.112685876058073
30.802436501873935 1.1176971649379916
30.902310372911103 1.1227185085494649
31.002183740339856 1.1277498831159598
31.10205660440538 1.1327912648609435
31.20192896535288 1.137842630007883
31.30180082342756 1.1429039547802453
31.401672178874605 1.1479752154014968
31.501543031939224 1.1530563880951055
31.601413382866596 1.1581474490845374
31.70128323190194 1.1632483745932602
31.801152579290445 1.168359140844741
31.901021425277307 1.1734797240624457
32.00088977010772 1.1786101004698428
32.10075761402689 1.183750246290398
32.200624957280006 1.1889001377475792
32.30049180011228 1.194059751064853
32.40035814276889 1.199229062465686
32.500223985486315 1.2044080483286994
32.60008932716172 1.2095967088562511
32.69995416392234 1.214795093520833
32.79981849155232 1.220003257898353
32.899682305835825 1.2252212575647201
32.99954560255696 1.2304491480958442
33.09940837749988 1.2356869850676333
33.19927062644871 1.2409348240559968
33.2991323451876 1.246192720636844
33.39899352950069 1.251460730386083
33.498854175172106 1.2567389088796235
33.598714277986005 1.2620273116933745
33.698573833726506 1.2673259944032447
33.79843283817776 1.2726350125851436
33.89829128712389 1.2779544218149794
33.99814917634905 1.2832842776686617
34.098006501637386 1.288624635722099
34.197863258773005 1.293975551551201
34.297719443540075 1.299337080731876
34.39757505172272 1.3047092788400334
34.49743007910509 1.3100922014515821
34.59728452147129 1.3154859041424307
34.6971383746055 1.320890442488489
34.79699163429184 1.3263058720656655
34.896844296314455 1.331732248449869
34.996696356516225 1.337169626183881
35.09654781976224 1.3426179011853625
35.19639870957605 1.348076641323574
35.29624905179252 1.3535453738311067
35.39609887224652 1.359023625940552
35.4959481967729 1.3645109248845007
35.59579705120657 1.370006797895545
35.69564546138235 1.3755107722062758
35.795493453135116 1.3810223750492847
35.895341052299756 1.3865411336571627
35.995188284711105 1.3920665752625008
36.095035176204064 1.3975982270978913
36.19488175261347 1.4031356163959245
36.2947280397742 1.4086782703891927
36.39457406352112 1.4142257163102863
36.494419849689095 1.4197774813917967
36.594265424113 1.4253330928663162
36.694110812627684 1.4308920779664347
36.793956041068014 1.436453963924745
36.89380113526888 1.4420182779738373
36.99364612106511 1.4475845473463027
37.09349102429162 1.4531522992747337
37.19333587078322 1.458721060991721
37.29318068637483 1.4642903597298562
37.39302549690128 1.46985972272173
37.49287032814288 1.4754286782011823
37.59271519750305 1.480996908128749
37.692560105061254 1.486564412381079
37.792405048751 1.492131230216075
37.89225002650577 1.4976974008916388
37.99209503625909 1.5032629636656734
38.09194007594446 1.5088279577960815
38.191785143495366 1.5143924225407657
38.29163023684532 1.5199563971576284
38.39147535392783 1.525519920904572
38.491320492676394 1.5310830330394989
38.59116565102452 1.5366457728203122
38.69101082690569 1.5422081795049143
38.79085601825343 1.5477702923512078
38.89070122300123 1.553332150617095
38.99054643908259 1.558893793560478
39.09039166443102 1.5644552604392605
39.19023689698002 1.5700165905113446
39.290082134663095 1.5755778230346327
39.38992737541375 1.5811389972670273
39.48977261716546 1.5867001524664306
39.58961785785176 1.592261327890746
39.689463095406154 1.5978225627978757
39.789308327762114 1.603383896445722
39.889153552853166 1.608945368092188
39.98899876861793 1.6145070168977502
40.08884397378249 1.6200688670647463
40.18868916870137 1.6256309118611703
40.28853435393086 1.6311931407230862
40.388379530027194 1.6367555430865568
40.488224697546656 1.6423181083876448
40.58806985704552 1.6478808260624143
40.68791500908004 1.6534436855469274
40.78776015420647 1.6590066762772482
40.88760529298109 1.6645697876894392
40.987450425960176 1.6701330092195639
41.08729555369997 1.675696330303685
41.18714067675675 1.681259740377866
41.28698579568678 1.6868232288781697
41.38683091104633 1.69238678524066
41.48667602339166 1.697950398901399
41.586521133279035 1.7035140592964502
41.68636624126473 1.7090777558618773
41.786211347904995 1.7146414780337427
41.88605645375611 1.72020521524811
41.98590155937434 1.7257689569410422
42.08574666531594 1.731332692548602
42.18559177213718 1.736896411506853
42.28543688039433 1.7424601032518585
42.38528199064365 1.7480237572196813
42.48512710344001 1.7535873628729024
42.58497221912368 1.7591509137454797
42.68481733759113 1.76471441179123
42.78466245868385 1.770277860006961
42.88450758224334 1.7758412613894832
42.98435270811107 1.7814046189356048
43.08419783612856 1.7869679356421342
43.18404296613729 1.7925312145058818
43.28388809797876 1.7980944585236562
43.38373323149446 1.8036576706922665
43.48357836652588 1.8092208540085213
43.583423502914506 1.8147840114692297
43.68326864050185 1.8203471460712017
43.7831137791294 1.8259102608112454
43.88295891863863 1.8314733586861707
43.982804058871054 1.8370364426927859
44.08264919966815 1.8425995158279
44.182494340871415 1.8481625810883229
44.28233948232235 1.8537256414708634
44.38218462386245 1.8592886999723301
44.482029765333195 1.8648517595895326
44.58187490657608 1.8704148233192792
44.6817200474326 1.87597789415838
44.78156518774426 1.8815409751036434
44.88141032735254 1.8871040691518786
44.98125546609939 1.8926671792912524
45.0811006038977 1.8982303071829898
45.180945740807054 1.9037934517441246
45.28079087690517 1.909356611551757
45.38063601226981 1.9149197851829887
45.4804811469787 1.9204829712149196
45.58032628110956 1.9260461682246504
45.68017141474018 1.9316093747892835
45.78001654794826 1.9371725894859186
45.87986168081156 1.9427358108916568
45.97970681340781 1.948299037583599
46.07955194581476 1.953862268138846
46.17939707811014 1.959425501134499
46.2792422103717 1.9649887351476587
46.37908734267718 1.9705519687554265
46.47893247510431 1.9761152005349023
46.578777607730835 1.9816784290631873
46.678622740634495 1.987241652917383
46.778467873893035 1.99280487067459
46.8783130075842 1.9983680809119089
46.97815814178572 2.003931282206441
47.07800327657532 2.009494473135286
47.17784841203079 2.0150576522755466
47.277693548229834 2.0206208182043235
47.37753868525019 2.026183969498716
47.477383823169156 2.0317471047438778
47.577228961994905 2.0373102237611653
47.67707410159272 2.042873328928482
47.77691924181014 2.048436422940417
47.87676438249472 2.0539995084915597
47.97660952349404 2.0595625882765005
48.076454664655614 2.0651256649898286
48.176299805827036 2.070688741326135
48.27614494685585 2.0762518199800075
48.375990087589614 2.081814903646038
48.475835227875876 2.087377995018816
48.57568036756219 2.09294109679293
48.67552550649614 2.098504211662971
48.77537064452526 2.1040673423235274
48.87521578149711 2.109630491469191
48.97506091725924 2.1151936617945495
49.07490605165923 2.1207568559941943
49.174751184544604 2.1263200767627146
49.274596315762935 2.1318833267947
49.37444144516179 2.137446608784741
49.47428657258872 2.143009925427427
49.574131697891254 2.1485732794173464
49.673976820916984 2.1541366734490914
49.77382194151346 2.159700110217251
49.87366705952822 2.165263592416414
49.973512174810175 2.1708271227176077
50.073357287413714 2.1763907001740437
50.17320239781824 2.1819543163570785
50.27304750655576 2.1875179619112637
50.37289261415834 2.193081627481154
50.47273772115798 2.1986453037113036
50.57258282808673 2.2042089812462637
50.67242793547661 2.2097726507305904
50.77227304385968 2.2153363028088364
50.87211815376795 2.2208999281255553
50.97196326573346 2.2264635173253002
51.071808380288225 2.232027061052626
51.17165349796431 2.2375905499520856
51.27149861929372 2.2431539746682323
51.37134374480851 2.2487173258456203
51.471188875040696 2.2542805941288035
51.57103401052231 2.2598437701623344
51.6708791517854 2.2654068445907676
51.77072429936198 2.2709698080586564
51.87056945378411 2.2765326512105544
51.97041461558379 2.2820953646910156
52.07025978529307 2.287657939144593
52.17010496344398 2.2932203652158405
52.269950150568555 2.2987826335493113
52.36979534719883 2.30434473478956
52.46964055386193 2.309906659667343
52.56948577033206 2.3154684121487024
52.66933099482639 2.321030023571049
52.76917622536917 2.3265915286623673
52.86902145998469 2.3321529621506434
52.9688666966972 2.3377143587638636
53.06871193353095 2.343275753230013
53.16855716851025 2.3488371802770787
53.26840239965935 2.3543986746330465
53.36824762500252 2.3599602710259022
53.468092842564026 2.3655220041836307
53.56793805036813 2.3710839088342186
53.6677832464391 2.3766460197056527
53.76762842880123 2.382208371525917
53.867473595478764 2.387770999022999
53.96731874449598 2.393333936924885
54.06716387387713 2.3988972199595584
54.167008981646504 2.4044608828550076
54.26685406582837 2.410024960339218
54.36669912444698 2.4155894871401746
54.46654415552662 2.4211544979858646
54.566389157091535 2.4267200276042726
54.66623412716603 2.432286110723385
54.76607906377433 2.4378527820711877
54.865923964940734 2.4434200763756677
54.96576882870779 2.448988028043554
55.0656136559242 2.454556622157662
55.16545845324205 2.4601257417959608
55.26530322803233 2.4656952574007587
55.36514798766597 2.471265039414366
55.46499273951393 2.4768349582790927
55.564837490947184 2.4824048844372495
55.664682249336686 2.4879746883311467
55.7645270220534 2.4935442404030947
55.86437181646827 2.4991134110954025
55.96421663995228 2.504682070850381
56.06406149987636 2.51025009011034
56.1639064036115 2.51581733931759
56.263751358528644 2.521383688914441
56.363596371998746 2.5269490093432045
56.463441451392775 2.5325131710461877
56.56328660408169 2.538076044465703
56.663131837436445 2.54363750004406
56.76297715882802 2.549197408223569
56.862822575627355 2.5547556394465403
56.9626680952054 2.5603120641552835
57.06251372493314 2.5658665527921083
57.16235947218152 2.5714189757993267
57.262205344321515 2.576969203619247
57.362051348724066 2.5825171066941803
57.46189749268382 2.5880625568108457
57.56174377177722 2.5936056321697474
57.661590157346865 2.5991468378476092
57.76143661773335 2.604686731799632
57.861283121277324 2.6102258719810174
57.96112963631942 2.6157648163469656
58.060976131200256 2.621304122852678
58.16082257426049 2.626844349453357
58.260668933840726 2.632386054104203
58.360515178281624 2.637929794760418
58.4603612759238 2.643476129377203
58.56020719510788 2.6490256159097583
58.66005290417452 2.6545788123132867
58.75989837146433 2.660136276542989
58.859743565317956 2.6656985665540667
58.95958845407602 2.6712662403017204
59.05943300607915 2.676839855741152
59.159277189667996 2.6824199708275627
59.25912097318319 2.688007143516154
59.358964324965335 2.6936019317621267
59.4588072133551 2.6992048935206823
59.558649606693095 2.7048165867470217
59.65849147331996 2.7104375693963476
59.75833278157634 2.7160683994238597
59.858173499802845 2.7217096347847605
59.95801359645257 2.7273618314519186
60.05785305724365 2.7330252410420774
60.157691903599364 2.738699485745661
60.25753016136593 2.744384109784191
60.357367856389516 2.75007865737919
60.45720501451632 2.75578267275218
60.55704166159253 2.761495700124683
60.65687782346435 2.7672172837182227
60.756713525977965 2.772946967754321
60.856548794979545 2.7786842964544984
60.9563836563153 2.7844288140402793
61.05621813583142 2.7901800647331845
61.15605225937411 2.7959375927547367
61.25588605278953 2.801700942326459
61.3557195419239 2.807469657669873
61.45555275262338 2.813243283006501
61.555385710734186 2.8190213625578653
61.6552184421025 2.8248034405454883
61.75505097257452 2.830589061190892
61.85488332799643 2.8363777687155998
61.95471553421443 2.842169107341132
62.05454761707468 2.8479626212890126
62.15437960242342 2.8537578547807634
62.2542115161068 2.859554352037906
62.35404338397104 2.8653516572819635

