Arrays in the file: ['map_name', 'token', 'ego_agent_past', 'ego_agent_future', 'first_stage_ego_trajectory', 'second_stage_ego_trajectory', 'neighbor_agents_past', 'neighbor_agents_future', 'map_lanes', 'map_crosswalks', 'route_lanes']
Array: map_name
()
sg-one-north


Array: token
()
fec1134096f658e0


Array: ego_agent_past
(21, 7)
[[-1.60863914e+01  1.86085746e-01 -1.50715457e-02  8.04841042e+00
  -3.54127865e-03  3.69167238e-01 -1.79124609e-01]
 [-1.53026695e+01  1.79994389e-01 -1.55702448e-02  8.07946205e+00
  -1.29235974e-02  6.67708576e-01  6.11333549e-02]
 [-1.45178223e+01  1.58318579e-01 -1.53787090e-02  8.10389519e+00
  -6.63854973e-03  3.97122175e-01  3.59334834e-02]
 [-1.37641439e+01  1.34392902e-01 -1.49595216e-02  8.13779163e+00
  -2.05049422e-02  5.41410685e-01 -2.29718089e-02]
 [-1.29804220e+01  1.28301546e-01 -1.47108743e-02  8.16767502e+00
  -2.17713937e-02  4.83010173e-01 -7.03105144e-03]
 [-1.21955748e+01  1.06625736e-01 -1.40738683e-02  8.19582081e+00
  -2.26607509e-02  3.25294644e-01  1.48517653e-01]
 [-1.14118519e+01  1.00534379e-01 -1.32753924e-02  8.23098564e+00
  -7.83442426e-03  5.75517178e-01  1.54888615e-01]
 [-1.05958357e+01  8.11084211e-02 -1.22519210e-02  8.26176453e+00
  -1.59228966e-02  5.35946429e-01  8.96787941e-02]
 [-9.81211376e+00  7.50170648e-02 -1.13396328e-02  8.28411388e+00
  -9.46034584e-03  4.08169836e-01  2.57679224e-01]
 [-9.02839184e+00  6.89257011e-02 -1.03412233e-02  8.32158852e+00
  -1.10125029e-03  3.42597246e-01  1.00491330e-01]
 [-8.21237564e+00  4.94997501e-02 -9.70677752e-03  8.35130310e+00
  -4.85038105e-03  2.77712107e-01  2.78762970e-02]
 [-7.39748383e+00  4.56582494e-02 -9.00199078e-03  8.38500500e+00
  -1.58215556e-02  4.90363449e-01  9.50162634e-02]
 [-6.61376143e+00  3.95668894e-02 -7.87821691e-03  8.42441463e+00
   2.56817858e-03  4.98978406e-01  1.66090131e-01]
 [-5.79887056e+00  3.57253887e-02 -6.61671115e-03  8.45305443e+00
   1.05268061e-02  3.19717348e-01 -8.16109125e-03]
 [-4.98397923e+00  3.18838879e-02 -5.69275720e-03  8.49084949e+00
  -2.48357723e-03  3.92043412e-01  1.35513723e-01]
 [-4.16796303e+00  1.24579333e-02 -4.95731412e-03  8.53341103e+00
   6.90323813e-03  5.81205547e-01  2.73333073e-01]
 [-3.32190275e+00  1.08662900e-02 -3.71950748e-03  8.56778145e+00
  -1.83995609e-04  4.24079686e-01  1.18009597e-01]
 [-2.50701165e+00  7.02478830e-03 -2.80910451e-03  8.60135651e+00
  -4.48322063e-03  4.32151943e-01  2.80120820e-02]
 [-1.69212031e+00  3.18328664e-03 -1.88758213e-03  8.62938690e+00
   6.04382670e-03  2.75860548e-01  1.93292022e-01]
 [-8.46060157e-01  1.59164332e-03 -1.02033454e-03  8.65792561e+00
   4.44811489e-03  3.20166558e-01 -1.45399168e-01]
 [ 5.82076609e-11  0.00000000e+00 -4.67659200e-09  8.68885326e+00
  -1.04468465e-02  3.77501070e-01  2.94923950e-02]]


Array: ego_agent_future
(80, 3)
[[ 8.30411196e-01  3.38508515e-04  9.69490036e-04]
 [ 1.66858101e+00  3.07625812e-03  2.00482202e-03]
 [ 2.50647402e+00  6.10375311e-03  2.52189813e-03]
 [ 3.34567642e+00  7.22053042e-03  3.22138867e-03]
 [ 4.19758654e+00  9.33479425e-03  4.34518419e-03]
 [ 5.04167747e+00  1.12124830e-02  5.15420875e-03]
 [ 5.88461637e+00  1.47642223e-02  5.88821713e-03]
 [ 6.73569298e+00  1.85681041e-02  6.55015698e-03]
 [ 7.59082747e+00  2.35155039e-02  7.01074395e-03]
 [ 8.45428848e+00  2.88648866e-02  7.33400229e-03]
 [ 9.32129097e+00  3.38555835e-02  7.94645119e-03]
 [ 1.01779509e+01  4.07188013e-02  8.94605741e-03]
 [ 1.10399961e+01  4.74812798e-02  9.97467805e-03]
 [ 1.19011421e+01  5.35942093e-02  1.02571500e-02]
 [ 1.27641239e+01  6.19856864e-02  1.09243132e-02]
 [ 1.36298361e+01  7.07178265e-02  1.15962597e-02]
 [ 1.44911518e+01  8.00026432e-02  1.20701119e-02]
 [ 1.53453903e+01  9.06709582e-02  1.30563118e-02]
 [ 1.62087002e+01  1.02321617e-01  1.36347068e-02]
 [ 1.70691090e+01  1.13861464e-01  1.42569942e-02]
 [ 1.79327717e+01  1.25496522e-01  1.48756374e-02]
 [ 1.87921772e+01  1.36525944e-01  1.53093683e-02]
 [ 1.96503925e+01  1.49602115e-01  1.56573057e-02]
 [ 2.05096169e+01  1.62443355e-01  1.58817600e-02]
 [ 2.13640404e+01  1.74687877e-01  1.55757992e-02]
 [ 2.22258015e+01  1.87157899e-01  1.52392797e-02]
 [ 2.30846939e+01  1.98669568e-01  1.40919359e-02]
 [ 2.39399967e+01  2.08063304e-01  1.29165705e-02]
 [ 2.48063011e+01  2.16898769e-01  1.22214109e-02]
 [ 2.56664066e+01  2.26084933e-01  1.13646472e-02]
 [ 2.65321617e+01  2.34698266e-01  1.05927009e-02]
 [ 2.73835793e+01  2.43544474e-01  9.60214529e-03]
 [ 2.82495003e+01  2.53062159e-01  8.12637154e-03]
 [ 2.91035805e+01  2.60367662e-01  6.92533422e-03]
 [ 2.99622364e+01  2.65826494e-01  5.59152523e-03]
 [ 3.08289089e+01  2.69472331e-01  4.49705124e-03]
 [ 3.16881123e+01  2.71207541e-01  3.53161129e-03]
 [ 3.25501633e+01  2.72687227e-01  2.31340039e-03]
 [ 3.34049759e+01  2.74864018e-01  9.96850431e-04]
 [ 3.42730598e+01  2.75964200e-01 -2.73848302e-04]
 [ 3.51355705e+01  2.76309401e-01 -1.19697035e-03]
 [ 3.60045700e+01  2.76655912e-01 -2.01373082e-03]
 [ 3.68659134e+01  2.77253181e-01 -3.26568610e-03]
 [ 3.77222786e+01  2.79960096e-01 -4.35096212e-03]
 [ 3.85863914e+01  2.82385379e-01 -5.44980261e-03]
 [ 3.94499207e+01  2.82739460e-01 -6.29026117e-03]
 [ 4.03118706e+01  2.81675607e-01 -6.95096934e-03]
 [ 4.11705971e+01  2.78486401e-01 -7.88101461e-03]
 [ 4.20336647e+01  2.74731606e-01 -8.57241917e-03]
 [ 4.28946419e+01  2.70529121e-01 -8.99770577e-03]
 [ 4.37601395e+01  2.64404237e-01 -9.46002640e-03]
 [ 4.46330605e+01  2.59660751e-01 -9.86132398e-03]
 [ 4.54947624e+01  2.54575789e-01 -1.05425864e-02]
 [ 4.63634033e+01  2.48771280e-01 -1.10182920e-02]
 [ 4.72301216e+01  2.41412267e-01 -1.16117811e-02]
 [ 4.80999413e+01  2.32733473e-01 -1.19473785e-02]
 [ 4.89704552e+01  2.27811724e-01 -1.16562406e-02]
 [ 4.98564262e+01  2.24974290e-01 -1.14905499e-02]
 [ 5.07395020e+01  2.21737176e-01 -1.17509076e-02]
 [ 5.16315308e+01  2.14791983e-01 -1.15985367e-02]
 [ 5.25132828e+01  2.03951910e-01 -1.16142081e-02]
 [ 5.34146271e+01  1.92368820e-01 -1.15386695e-02]
 [ 5.42989044e+01  1.79728299e-01 -1.13530047e-02]
 [ 5.51872330e+01  1.67468742e-01 -1.09076137e-02]
 [ 5.60817490e+01  1.54800355e-01 -1.04858009e-02]
 [ 5.69771309e+01  1.39195204e-01 -1.06131621e-02]
 [ 5.78609848e+01  1.23984419e-01 -1.07405903e-02]
 [ 5.87565994e+01  1.09019317e-01 -1.07338214e-02]
 [ 5.96441803e+01  9.51873660e-02 -1.10282144e-02]
 [ 6.05369644e+01  8.15069452e-02 -1.11184036e-02]
 [ 6.14394341e+01  6.85561523e-02 -1.18542137e-02]
 [ 6.23301544e+01  5.54713719e-02 -1.30501110e-02]
 [ 6.32321510e+01  4.01426777e-02 -1.44814430e-02]
 [ 6.41307297e+01  2.23616809e-02 -1.61463413e-02]
 [ 6.50293732e+01  5.44753484e-03 -1.75422095e-02]
 [ 6.59270248e+01 -1.42477704e-02 -1.93325784e-02]
 [ 6.68289490e+01 -3.54921855e-02 -2.06731223e-02]
 [ 6.77260895e+01 -5.77803217e-02 -2.15411279e-02]
 [ 6.86338882e+01 -8.12294781e-02 -2.27827318e-02]
 [ 6.95432816e+01 -1.05708614e-01 -2.46979333e-02]]


Array: first_stage_ego_trajectory
(18, 30, 7)
[[[ 8.0003691e-01  1.5111428e-02  2.1196006e-02 ...  3.0551469e-01
    8.6609852e-03  1.0000000e-01]
  [ 1.6997602e+00  3.9010581e-02  3.3380613e-02 ...  2.3762511e-01
    1.8417254e-02  2.0000000e-01]
  [ 2.5987961e+00  7.7808596e-02  5.4267827e-02 ...  1.7383227e-01
    2.6607530e-02  3.0000001e-01]
  ...
  [ 2.3850260e+01  3.2670603e+00  1.1306273e-01 ... -8.9541852e-02
   -1.4537520e-02  2.8000000e+00]
  [ 2.4745256e+01  3.3626294e+00  9.9552765e-02 ... -4.6818793e-02
   -1.5481027e-02  2.9000001e+00]
  [ 2.5541964e+01  3.4369617e+00  8.6087234e-02 ...  7.7486038e-07
   -1.8436534e-02  3.0000000e+00]]

 [[ 8.0003691e-01  1.5111428e-02  2.1196006e-02 ...  1.9810730e-01
    8.6609852e-03  1.0000000e-01]
  [ 1.6997602e+00  3.9010581e-02  3.3380613e-02 ...  3.0217707e-02
    1.8417254e-02  2.0000000e-01]
  [ 2.5987961e+00  7.7808596e-02  5.4267827e-02 ... -1.2616771e-01
    2.6607530e-02  3.0000001e-01]
  ...
  [ 2.1767357e+01  2.9999526e+00  1.4113604e-01 ... -2.9694790e-01
   -1.1863438e-02  2.8000000e+00]
  [ 2.2460817e+01  3.0954382e+00  1.3238585e-01 ... -1.5422386e-01
   -1.3066135e-02  2.9000001e+00]
  [ 2.3155117e+01  3.1846044e+00  1.2298191e-01 ...  2.4437904e-06
   -1.3802044e-02  3.0000000e+00]]

 [[ 8.0003691e-01  1.5111428e-02  2.1196006e-02 ...  4.1292208e-01
    8.6609852e-03  1.0000000e-01]
  [ 1.6997602e+00  3.9010581e-02  3.3380613e-02 ...  4.4503245e-01
    1.8417254e-02  2.0000000e-01]
  [ 2.5987961e+00  7.7808596e-02  5.4267827e-02 ...  4.7383216e-01
    2.6607530e-02  3.0000001e-01]
  ...
  [ 2.5940691e+01  3.4698474e+00  7.8384846e-02 ...  1.1786610e-01
   -2.0068219e-02  2.8000000e+00]
  [ 2.6938457e+01  3.5374675e+00  5.6268420e-02 ...  6.0588896e-02
   -2.4165066e-02  2.9000001e+00]
  [ 2.7937346e+01  3.5813501e+00  3.2048095e-02 ...  1.4901161e-06
   -2.1640917e-02  3.0000000e+00]]

 ...

 [[ 8.0003691e-01  1.5111428e-02  2.1196006e-02 ... -2.3152238e-01
    8.6609852e-03  1.0000000e-01]
  [ 1.6997602e+00  3.9010581e-02  3.3380613e-02 ... -7.9941195e-01
    1.8417254e-02  2.0000000e-01]
  [ 2.5987961e+00  7.7808596e-02  5.4267827e-02 ... -1.3261678e+00
    2.6607530e-02  3.0000001e-01]
  ...
  [ 1.3588268e+01  1.5914308e+00  1.8112613e-01 ... -1.1265788e+00
    1.9377628e-03  2.8000000e+00]
  [ 1.3588268e+01  1.5914308e+00  1.8112613e-01 ... -5.8385414e-01
    1.9377628e-03  2.9000001e+00]
  [ 1.3588268e+01  1.5914308e+00  1.8112613e-01 ...  5.3644180e-07
    1.9377628e-03  3.0000000e+00]]

 [[ 8.0009055e-01  3.1121392e-02  4.3250516e-02 ... -2.3152238e-01
    1.6391091e-02  1.0000000e-01]
  [ 1.6989752e+00  7.9170942e-02  6.6337742e-02 ... -7.9941195e-01
    3.4923628e-02  2.0000000e-01]
  [ 2.5952308e+00  1.5537988e-01  1.0599991e-01 ... -1.3261678e+00
    5.0895322e-02  3.0000001e-01]
  ...
  [ 1.3415310e+01  2.5979040e+00  2.2922836e-01 ... -1.1265788e+00
   -1.5697816e-02  2.8000000e+00]
  [ 1.3415310e+01  2.5979040e+00  2.2922836e-01 ... -5.8385414e-01
   -1.5697816e-02  2.9000001e+00]
  [ 1.3415310e+01  2.5979040e+00  2.2922836e-01 ...  5.3644180e-07
   -1.5697816e-02  3.0000000e+00]]

 [[ 8.0003893e-01  5.0909445e-02  7.0052892e-02 ... -2.3152238e-01
    2.4368564e-02  1.0000000e-01]
  [ 1.6971934e+00  1.2750621e-01  1.0445307e-01 ... -7.9941195e-01
    5.2111555e-02  2.0000000e-01]
  [ 2.5881073e+00  2.4583964e-01  1.6370738e-01 ... -1.3261678e+00
    7.6460615e-02  3.0000001e-01]
  ...
  [ 1.3285826e+01  3.1634221e+00  1.3198160e-01 ... -1.1265788e+00
   -5.1920667e-02  2.8000000e+00]
  [ 1.3285826e+01  3.1634221e+00  1.3198160e-01 ... -5.8385414e-01
   -5.1920667e-02  2.9000001e+00]
  [ 1.3285826e+01  3.1634221e+00  1.3198160e-01 ...  5.3644180e-07
   -5.1920667e-02  3.0000000e+00]]]


Array: second_stage_ego_trajectory
(90, 80, 7)
[[[ 8.00036907e-01  1.51114278e-02  2.11960059e-02 ...  1.98107302e-01
    8.66098516e-03  1.00000001e-01]
  [ 1.69976020e+00  3.90105806e-02  3.33806127e-02 ...  3.02177072e-02
    1.84172541e-02  2.00000003e-01]
  [ 2.59879613e+00  7.78085962e-02  5.42678274e-02 ... -1.26167715e-01
    2.66075302e-02  3.00000012e-01]
  ...
  [ 6.63295822e+01  3.00723648e+00 -4.01908532e-02 ...  2.30399668e-01
   -1.36205519e-03  9.80000019e+00]
  [ 6.75285797e+01  2.95804048e+00 -4.18253206e-02 ...  1.17600024e-01
   -1.36205379e-03  9.89999962e+00]
  [ 6.86275787e+01  2.91122270e+00 -4.33235802e-02 ...  5.96046448e-08
   -1.36205566e-03  1.00000000e+01]]

 [[ 7.05561876e-01  3.67102534e-01  4.83360469e-01 ...  1.98107302e-01
    1.35765160e-02  1.00000001e-01]
  [ 1.49697375e+00  7.90962815e-01  5.02258360e-01 ...  3.02177072e-02
    2.83830240e-02  2.00000003e-01]
  [ 2.28331971e+00  1.23830235e+00  5.34264982e-01 ... -1.26167715e-01
    4.21132222e-02  3.00000012e-01]
  ...
  [ 6.58846283e+01  3.02499413e+00 -3.95843126e-02 ...  2.30399668e-01
   -1.36205577e-03  9.80000019e+00]
  [ 6.70836487e+01  2.97652555e+00 -4.12187800e-02 ...  1.17600024e-01
   -1.36205379e-03  9.89999962e+00]
  [ 6.81826782e+01  2.93037438e+00 -4.27170396e-02 ...  5.96046448e-08
   -1.36205531e-03  1.00000000e+01]]

 [[ 8.00036907e-01  1.51114278e-02  2.11960059e-02 ...  4.12922084e-01
    8.66098516e-03  1.00000001e-01]
  [ 1.69976020e+00  3.90105806e-02  3.33806127e-02 ...  4.45032448e-01
    1.84172541e-02  2.00000003e-01]
  [ 2.59879613e+00  7.78085962e-02  5.42678274e-02 ...  4.73832160e-01
    2.66075302e-02  3.00000012e-01]
  ...
  [ 7.02260056e+01  2.84018493e+00 -4.55028675e-02 ... -1.15200937e-01
   -1.36205391e-03  9.80000019e+00]
  [ 7.10251541e+01  2.80335975e+00 -4.65925112e-02 ... -5.88011146e-02
   -1.36205554e-03  9.89999962e+00]
  [ 7.17243805e+01  2.77042341e+00 -4.75459509e-02 ... -6.55651093e-07
   -1.36205426e-03  1.00000000e+01]]

 ...

 [[ 8.00036907e-01  1.51114278e-02  2.11960059e-02 ... -2.31522381e-01
    8.66098516e-03  1.00000001e-01]
  [ 1.69976020e+00  3.90105806e-02  3.33806127e-02 ... -7.99411952e-01
    1.84172541e-02  2.00000003e-01]
  [ 2.59879613e+00  7.78085962e-02  5.42678274e-02 ... -1.32616782e+00
    2.66075302e-02  3.00000012e-01]
  ...
  [ 1.35882683e+01  1.59143078e+00  1.81126133e-01 ... -1.72176897e-07
    1.93776283e-03  9.80000019e+00]
  [ 1.35882683e+01  1.59143078e+00  1.81126133e-01 ... -8.81054802e-08
    1.93776283e-03  9.89999962e+00]
  [ 1.35882683e+01  1.59143078e+00  1.81126133e-01 ... -4.54747351e-13
    1.93776283e-03  1.00000000e+01]]

 [[ 8.00090551e-01  3.11213918e-02  4.32505161e-02 ... -2.31522381e-01
    1.63910910e-02  1.00000001e-01]
  [ 1.69897521e+00  7.91709423e-02  6.63377419e-02 ... -7.99411952e-01
    3.49236280e-02  2.00000003e-01]
  [ 2.59523082e+00  1.55379876e-01  1.05999909e-01 ... -1.32616782e+00
    5.08953221e-02  3.00000012e-01]
  ...
  [ 1.34153099e+01  2.59790397e+00  2.29228362e-01 ... -1.72176897e-07
   -1.56978164e-02  9.80000019e+00]
  [ 1.34153099e+01  2.59790397e+00  2.29228362e-01 ... -8.81054802e-08
   -1.56978164e-02  9.89999962e+00]
  [ 1.34153099e+01  2.59790397e+00  2.29228362e-01 ... -4.54747351e-13
   -1.56978164e-02  1.00000000e+01]]

 [[ 8.00038934e-01  5.09094447e-02  7.00528920e-02 ... -2.31522381e-01
    2.43685637e-02  1.00000001e-01]
  [ 1.69719338e+00  1.27506211e-01  1.04453072e-01 ... -7.99411952e-01
    5.21115549e-02  2.00000003e-01]
  [ 2.58810735e+00  2.45839640e-01  1.63707376e-01 ... -1.32616782e+00
    7.64606148e-02  3.00000012e-01]
  ...
  [ 1.32858257e+01  3.16342211e+00  1.31981596e-01 ... -1.72176897e-07
   -5.19206673e-02  9.80000019e+00]
  [ 1.32858257e+01  3.16342211e+00  1.31981596e-01 ... -8.81054802e-08
   -5.19206673e-02  9.89999962e+00]
  [ 1.32858257e+01  3.16342211e+00  1.31981596e-01 ... -4.54747351e-13
   -5.19206673e-02  1.00000000e+01]]]


Array: neighbor_agents_past
(20, 21, 11)
[[[-21.473095    5.7972035  -2.5407248 ...   0.          1.
     0.       ]
  [-21.471972    5.781619   -2.5741098 ...   0.          1.
     0.       ]
  [-21.471972    5.781619   -2.5741098 ...   0.          1.
     0.       ]
  ...
  [-21.438553    5.7527003  -2.4303775 ...   0.          1.
     0.       ]
  [-21.437428    5.737116   -2.417206  ...   0.          1.
     0.       ]
  [-21.437428    5.737116   -2.4313817 ...   0.          1.
     0.       ]]

 [[-22.655737  -12.977286   -3.1087964 ...   1.          0.
     0.       ]
  [-22.656862  -12.961702   -3.1069508 ...   1.          0.
     0.       ]
  [-22.656862  -12.961702   -3.1053882 ...   1.          0.
     0.       ]
  ...
  [-22.657988  -12.946117   -3.1056364 ...   1.          0.
     0.       ]
  [-22.69028   -12.932783   -3.1076229 ...   1.          0.
     0.       ]
  [-22.720325  -12.950618   -3.1093178 ...   1.          0.
     0.       ]]

 [[ 23.826208  -15.825689   -2.9127188 ...   0.          1.
     0.       ]
  [ 23.826208  -15.825689   -2.9067743 ...   0.          1.
     0.       ]
  [ 23.827333  -15.841274   -2.929605  ...   0.          1.
     0.       ]
  ...
  [ 23.800663  -15.905862   -2.9584844 ...   0.          1.
     0.       ]
  [ 23.800663  -15.905862   -2.9627774 ...   0.          1.
     0.       ]
  [ 23.800663  -15.905862   -2.768434  ...   0.          1.
     0.       ]]

 ...

 [[  0.          0.          0.        ...   0.          0.
     0.       ]
  [  0.          0.          0.        ...   0.          0.
     0.       ]
  [  0.          0.          0.        ...   0.          0.
     0.       ]
  ...
  [  0.          0.          0.        ...   0.          0.
     0.       ]
  [  0.          0.          0.        ...   0.          0.
     0.       ]
  [  0.          0.          0.        ...   0.          0.
     0.       ]]

 [[  0.          0.          0.        ...   0.          0.
     0.       ]
  [  0.          0.          0.        ...   0.          0.
     0.       ]
  [  0.          0.          0.        ...   0.          0.
     0.       ]
  ...
  [  0.          0.          0.        ...   0.          0.
     0.       ]
  [  0.          0.          0.        ...   0.          0.
     0.       ]
  [  0.          0.          0.        ...   0.          0.
     0.       ]]

 [[  0.          0.          0.        ...   0.          0.
     0.       ]
  [  0.          0.          0.        ...   0.          0.
     0.       ]
  [  0.          0.          0.        ...   0.          0.
     0.       ]
  ...
  [  0.          0.          0.        ...   0.          0.
     0.       ]
  [  0.          0.          0.        ...   0.          0.
     0.       ]
  [  0.          0.          0.        ...   0.          0.
     0.       ]]]


Array: neighbor_agents_future
(20, 80, 3)
[[[-21.430624    5.7325373  -2.5004618]
  [-21.430624    5.7325373  -2.6528127]
  [-21.399456    5.7347875  -2.6858084]
  ...
  [  0.          0.          0.       ]
  [  0.          0.          0.       ]
  [  0.          0.          0.       ]]

 [[-22.714647  -12.939611   -3.1101632]
  [-22.683477  -12.937362   -3.1056354]
  [-22.715773  -12.9240265  -3.107816 ]
  ...
  [  0.          0.          0.       ]
  [  0.          0.          0.       ]
  [  0.          0.          0.       ]]

 [[ 23.807467  -15.91044    -2.4379594]
  [ 23.806341  -15.8948555  -2.875409 ]
  [ 23.806341  -15.8948555   3.0574765]
  ...
  [ 23.953186  -15.75893    -2.9591565]
  [ 23.953186  -15.75893    -2.9591565]
  [ 23.954311  -15.774515   -2.9548419]]

 ...

 [[  0.          0.          0.       ]
  [  0.          0.          0.       ]
  [  0.          0.          0.       ]
  ...
  [  0.          0.          0.       ]
  [  0.          0.          0.       ]
  [  0.          0.          0.       ]]

 [[  0.          0.          0.       ]
  [  0.          0.          0.       ]
  [  0.          0.          0.       ]
  ...
  [  0.          0.          0.       ]
  [  0.          0.          0.       ]
  [  0.          0.          0.       ]]

 [[  0.          0.          0.       ]
  [  0.          0.          0.       ]
  [  0.          0.          0.       ]
  ...
  [  0.          0.          0.       ]
  [  0.          0.          0.       ]
  [  0.          0.          0.       ]]]


Array: map_lanes
(40, 50, 7)
[[[-6.57086868e+01 -5.98062181e+00  8.31685066e-02 ...  0.00000000e+00
    0.00000000e+00  1.00000000e+00]
  [-6.43072128e+01 -5.86379385e+00  7.20577240e-02 ...  0.00000000e+00
    0.00000000e+00  1.00000000e+00]
  [-6.29357796e+01 -5.76480007e+00  8.31685066e-02 ...  0.00000000e+00
    0.00000000e+00  1.00000000e+00]
  ...
  [-4.85999167e-01 -6.46041214e-01  6.09471798e-02 ...  0.00000000e+00
    0.00000000e+00  1.00000000e+00]
  [ 9.17726517e-01 -5.60382068e-01  7.20577240e-02 ...  0.00000000e+00
    0.00000000e+00  1.00000000e+00]
  [ 2.10214496e+00 -4.74887460e-01  7.20577240e-02 ...  0.00000000e+00
    0.00000000e+00  1.00000000e+00]]

 [[ 2.10214496e+00 -4.74887460e-01  1.33020878e-02 ...  0.00000000e+00
    0.00000000e+00  1.00000000e+00]
  [ 2.63426614e+00 -4.67808783e-01 -1.59497261e-02 ...  0.00000000e+00
    0.00000000e+00  1.00000000e+00]
  [ 3.16751242e+00 -4.76314574e-01 -1.30987406e-01 ...  0.00000000e+00
    0.00000000e+00  1.00000000e+00]
  ...
  [ 8.60121155e+00 -1.97601547e+01 -1.85750854e+00 ...  0.00000000e+00
    0.00000000e+00  1.00000000e+00]
  [ 8.45019627e+00 -2.02723560e+01 -1.80162394e+00 ...  0.00000000e+00
    0.00000000e+00  1.00000000e+00]
  [ 8.33034897e+00 -2.07823086e+01 -1.80162394e+00 ...  0.00000000e+00
    0.00000000e+00  1.00000000e+00]]

 [[ 2.10214496e+00 -4.74887460e-01  3.87368202e-02 ...  0.00000000e+00
    0.00000000e+00  1.00000000e+00]
  [ 2.57080340e+00 -4.56724048e-01  7.20577240e-02 ...  0.00000000e+00
    0.00000000e+00  1.00000000e+00]
  [ 3.06950593e+00 -4.20726329e-01  7.20577240e-02 ...  0.00000000e+00
    0.00000000e+00  1.00000000e+00]
  ...
  [ 2.48561039e+01  2.90279835e-01  5.48958778e-03 ...  0.00000000e+00
    0.00000000e+00  1.00000000e+00]
  [ 2.53258877e+01  2.92858809e-01  3.04152966e-02 ...  0.00000000e+00
    0.00000000e+00  1.00000000e+00]
  [ 2.57010384e+01  3.04272652e-01  3.04152966e-02 ...  0.00000000e+00
    0.00000000e+00  1.00000000e+00]]

 ...

 [[ 1.25854034e+01  7.82654419e+01 -1.20450282e+00 ...  0.00000000e+00
    0.00000000e+00  1.00000000e+00]
  [ 1.27783709e+01  7.77624054e+01 -1.15944672e+00 ...  0.00000000e+00
    0.00000000e+00  1.00000000e+00]
  [ 1.30036316e+01  7.72460327e+01 -1.19585156e+00 ...  0.00000000e+00
    0.00000000e+00  1.00000000e+00]
  ...
  [ 1.89157009e+01  5.39393196e+01 -1.43998373e+00 ...  0.00000000e+00
    0.00000000e+00  1.00000000e+00]
  [ 1.89851170e+01  5.34116974e+01 -1.42196655e+00 ...  0.00000000e+00
    0.00000000e+00  1.00000000e+00]
  [ 1.90455341e+01  5.30087509e+01 -1.42196655e+00 ...  0.00000000e+00
    0.00000000e+00  1.00000000e+00]]

 [[-1.48808849e+00 -6.27230301e+01 -1.77703726e+00 ...  0.00000000e+00
    0.00000000e+00  1.00000000e+00]
  [-1.53467727e+00 -6.29457130e+01 -1.87924945e+00 ...  0.00000000e+00
    0.00000000e+00  1.00000000e+00]
  [-1.61131012e+00 -6.31862259e+01 -1.90362799e+00 ...  0.00000000e+00
    0.00000000e+00  1.00000000e+00]
  ...
  [-1.04095573e+01 -6.71737595e+01  2.93536687e+00 ...  0.00000000e+00
    0.00000000e+00  1.00000000e+00]
  [-1.06322393e+01 -6.71271744e+01  3.04850268e+00 ...  0.00000000e+00
    0.00000000e+00  1.00000000e+00]
  [-1.07268715e+01 -6.71183395e+01  3.04850268e+00 ...  0.00000000e+00
    0.00000000e+00  1.00000000e+00]]

 [[-1.48808849e+00 -6.27230301e+01 -1.84751320e+00 ...  0.00000000e+00
    0.00000000e+00  1.00000000e+00]
  [-1.53805208e+00 -6.28989563e+01 -1.66388595e+00 ...  0.00000000e+00
    0.00000000e+00  1.00000000e+00]
  [-1.55572188e+00 -6.30882225e+01 -1.82048893e+00 ...  0.00000000e+00
    0.00000000e+00  1.00000000e+00]
  ...
  [-3.40080833e+00 -7.13832092e+01 -1.82049012e+00 ...  0.00000000e+00
    0.00000000e+00  1.00000000e+00]
  [-3.44964719e+00 -7.15747223e+01 -1.67858851e+00 ...  0.00000000e+00
    0.00000000e+00  1.00000000e+00]
  [-3.46844172e+00 -7.17484055e+01 -1.67858851e+00 ...  0.00000000e+00
    0.00000000e+00  1.00000000e+00]]]


Array: map_crosswalks
(5, 30, 3)
[[[-7.57798920e+01 -9.26109123e+00 -1.51412451e+00]
  [-7.56648254e+01 -1.12893200e+01 -1.51412082e+00]
  [-7.55497513e+01 -1.33175488e+01 -1.49873710e+00]
  [-7.54046326e+01 -1.53279428e+01 -1.51412451e+00]
  [-7.52895660e+01 -1.73561707e+01 -1.51423836e+00]
  [-7.51756134e+01 -1.93688164e+01 -1.51412451e+00]
  [-7.50605469e+01 -2.13970451e+01 -1.51424205e+00]
  [-7.49466019e+01 -2.34096889e+01 -3.54566097e-01]
  [-7.45924911e+01 -2.35407848e+01  8.91922712e-01]
  [-7.41898727e+01 -2.30417538e+01  9.08262968e-01]
  [-7.37883835e+01 -2.25271378e+01  8.57457638e-01]
  [-7.33545990e+01 -2.20258560e+01  9.08253431e-01]
  [-7.29531021e+01 -2.15112400e+01  8.91931772e-01]
  [-7.25504913e+01 -2.10122089e+01  8.57448816e-01]
  [-7.21166992e+01 -2.05109272e+01  1.40149808e+00]
  [-7.19404678e+01 -1.94799385e+01  1.60247445e+00]
  [-7.19895020e+01 -1.79325771e+01  1.62265563e+00]
  [-7.20697021e+01 -1.63874664e+01  1.60246968e+00]
  [-7.21187286e+01 -1.48401070e+01  1.60247445e+00]
  [-7.21677628e+01 -1.32927465e+01  1.62244678e+00]
  [-7.22468338e+01 -1.17632198e+01  1.60247445e+00]
  [-7.22958679e+01 -1.02158594e+01  1.72375703e+00]
  [-7.24726181e+01 -9.06935978e+00 -3.10285735e+00]
  [-7.29412766e+01 -9.08752251e+00 -3.06953263e+00]
  [-7.34088058e+01 -9.12127113e+00 -3.06953573e+00]
  [-7.38763428e+01 -9.15501881e+00 -3.10077429e+00]
  [-7.43761673e+01 -9.17543221e+00 -3.06953597e+00]
  [-7.48125381e+01 -9.20693016e+00 -3.06953454e+00]
  [-7.53112335e+01 -9.24292755e+00 -3.10285521e+00]
  [-7.57798920e+01 -9.26109123e+00 -3.10285521e+00]]

 [[-7.65971146e+01  4.23070955e+00 -1.51460993e+00]
  [-7.64865417e+01  2.26481867e+00 -1.51448667e+00]
  [-7.63748474e+01  2.83343434e-01 -1.49873579e+00]
  [-7.62331009e+01 -1.68029761e+00 -1.51461375e+00]
  [-7.61225357e+01 -3.64618850e+00 -1.49873579e+00]
  [-7.59807892e+01 -5.60982943e+00 -1.51460993e+00]
  [-7.58702164e+01 -7.57572031e+00 -1.51448667e+00]
  [-7.57585220e+01 -9.55719566e+00 -8.65984678e-01]
  [-7.53819122e+01 -9.99998093e+00  1.05379581e-01]
  [-7.49155045e+01 -9.95064831e+00  1.05377674e-01]
  [-7.44490967e+01 -9.90131664e+00  1.38629198e-01]
  [-7.39838181e+01 -9.83639908e+00  1.05376005e-01]
  [-7.35174026e+01 -9.78706741e+00  1.03298664e-01]
  [-7.30198288e+01 -9.73548508e+00  1.43365860e-01]
  [-7.25857162e+01 -9.67281818e+00  1.32109952e+00]
  [-7.23903580e+01 -8.90676498e+00  1.62202621e+00]
  [-7.24671860e+01 -7.40840816e+00  1.62202096e+00]
  [-7.25440063e+01 -5.91005087e+00  1.64285493e+00]
  [-7.26520004e+01 -4.41394329e+00  1.62223840e+00]
  [-7.27299500e+01 -2.90000153e+00  1.62202621e+00]
  [-7.28067780e+01 -1.40164435e+00  1.64284968e+00]
  [-7.29147644e+01  9.44631323e-02  1.71866155e+00]
  [-7.30971451e+01  1.31888533e+00  2.44519639e+00]
  [-7.35972977e+01  1.73708653e+00  2.44520354e+00]
  [-7.40974579e+01  2.15528774e+00  2.44519639e+00]
  [-7.45976105e+01  2.57348895e+00  2.44520307e+00]
  [-7.50977707e+01  2.99169040e+00  2.46272111e+00]
  [-7.55968018e+01  3.39430714e+00  2.44519639e+00]
  [-7.60969543e+01  3.81250834e+00  2.44520354e+00]
  [-7.65971146e+01  4.23070955e+00  2.44520354e+00]]

 [[-8.80868607e+01  2.80605292e+00  1.21038675e-01]
  [-8.65028763e+01  2.99871802e+00  1.21037960e-01]
  [-8.49188843e+01  3.19138288e+00  1.30813837e-01]
  [-8.33360214e+01  3.39963245e+00  1.21037960e-01]
  [-8.17520294e+01  3.59229755e+00  1.21037960e-01]
  [-8.01680374e+01  3.78496242e+00  1.21038675e-01]
  [-7.85840530e+01  3.97762752e+00  1.30813122e-01]
  [-7.70011826e+01  4.18587685e+00  1.09607100e+00]
  [-7.68088760e+01  4.56006861e+00  2.09261918e+00]
  [-7.70596848e+01  4.99626875e+00  2.09260678e+00]
  [-7.73104858e+01  5.43246889e+00  2.14702153e+00]
  [-7.75924606e+01  5.86641884e+00  2.14702058e+00]
  [-7.78744354e+01  6.30036926e+00  2.09261918e+00]
  [-7.81252441e+01  6.73656940e+00  2.13280702e+00]
  [-7.84083405e+01  7.18610382e+00  2.97810578e+00]
  [-7.92010651e+01  7.31687117e+00 -3.02511907e+00]
  [-8.05991592e+01  7.15328979e+00 -3.03545713e+00]
  [-8.19672165e+01  7.00754261e+00 -3.02411175e+00]
  [-8.33341522e+01  6.84621096e+00 -3.02411127e+00]
  [-8.47010803e+01  6.68487930e+00 -3.03621435e+00]
  [-8.61003113e+01  6.53688240e+00 -3.02305651e+00]
  [-8.74360733e+01  6.37780046e+00 -2.90916014e+00]
  [-8.84834442e+01  6.12987661e+00 -1.43216670e+00]
  [-8.84185257e+01  5.66459274e+00 -1.49873614e+00]
  [-8.83836517e+01  5.18147469e+00 -1.43431497e+00]
  [-8.83176117e+01  4.70060682e+00 -1.43216670e+00]
  [-8.82526932e+01  4.23532295e+00 -1.49873614e+00]
  [-8.82178192e+01  3.75220490e+00 -1.43216670e+00]
  [-8.81529007e+01  3.28692102e+00 -1.43431509e+00]
  [-8.80868607e+01  2.80605292e+00 -1.43431509e+00]]

 [[-7.39085617e+01 -2.25984745e+01 -3.06027532e+00]
  [-7.55905533e+01 -2.27355518e+01 -3.06953549e+00]
  [-7.72425079e+01 -2.28547935e+01 -3.06010127e+00]
  [-7.88933334e+01 -2.29896202e+01 -3.06953478e+00]
  [-8.05764542e+01 -2.31111126e+01 -3.06010127e+00]
  [-8.22272797e+01 -2.32459393e+01 -3.06953478e+00]
  [-8.39104004e+01 -2.33674316e+01 -3.06010127e+00]
  [-8.55612259e+01 -2.35022583e+01 -2.34528828e+00]
  [-8.59405518e+01 -2.38899498e+01 -1.56315708e+00]
  [-8.59368439e+01 -2.43753166e+01 -1.49875188e+00]
  [-8.59019775e+01 -2.48584347e+01 -1.49872792e+00]
  [-8.58659744e+01 -2.53571377e+01 -1.49874496e+00]
  [-8.58322296e+01 -2.58246708e+01 -1.49873614e+00]
  [-8.57973557e+01 -2.63077888e+01 -1.56317282e+00]
  [-8.57936554e+01 -2.67931576e+01 -2.91921377e-01]
  [-8.51211090e+01 -2.69952621e+01  7.20574856e-02]
  [-8.38120117e+01 -2.69007683e+01  7.20586777e-02]
  [-8.25340881e+01 -2.68085232e+01  7.20574856e-02]
  [-8.12249908e+01 -2.67140293e+01  8.42523575e-02]
  [-7.99481964e+01 -2.66062012e+01  7.20574856e-02]
  [-7.86390991e+01 -2.65117073e+01  7.20586777e-02]
  [-7.73611755e+01 -2.64194622e+01  1.85848951e-01]
  [-7.62792587e+01 -2.62160416e+01  9.84054804e-01]
  [-7.59401093e+01 -2.57059250e+01  9.99353647e-01]
  [-7.56020813e+01 -2.51802254e+01  9.84044313e-01]
  [-7.52629242e+01 -2.46701088e+01  9.99355078e-01]
  [-7.49248962e+01 -2.41444073e+01  9.84044313e-01]
  [-7.45857391e+01 -2.36342907e+01  9.99353647e-01]
  [-7.42477112e+01 -2.31085911e+01  9.84054804e-01]
  [-7.39085617e+01 -2.25984745e+01  9.84054804e-01]]

 [[ 0.00000000e+00  0.00000000e+00  0.00000000e+00]
  [ 0.00000000e+00  0.00000000e+00  0.00000000e+00]
  [ 0.00000000e+00  0.00000000e+00  0.00000000e+00]
  [ 0.00000000e+00  0.00000000e+00  0.00000000e+00]
  [ 0.00000000e+00  0.00000000e+00  0.00000000e+00]
  [ 0.00000000e+00  0.00000000e+00  0.00000000e+00]
  [ 0.00000000e+00  0.00000000e+00  0.00000000e+00]
  [ 0.00000000e+00  0.00000000e+00  0.00000000e+00]
  [ 0.00000000e+00  0.00000000e+00  0.00000000e+00]
  [ 0.00000000e+00  0.00000000e+00  0.00000000e+00]
  [ 0.00000000e+00  0.00000000e+00  0.00000000e+00]
  [ 0.00000000e+00  0.00000000e+00  0.00000000e+00]
  [ 0.00000000e+00  0.00000000e+00  0.00000000e+00]
  [ 0.00000000e+00  0.00000000e+00  0.00000000e+00]
  [ 0.00000000e+00  0.00000000e+00  0.00000000e+00]
  [ 0.00000000e+00  0.00000000e+00  0.00000000e+00]
  [ 0.00000000e+00  0.00000000e+00  0.00000000e+00]
  [ 0.00000000e+00  0.00000000e+00  0.00000000e+00]
  [ 0.00000000e+00  0.00000000e+00  0.00000000e+00]
  [ 0.00000000e+00  0.00000000e+00  0.00000000e+00]
  [ 0.00000000e+00  0.00000000e+00  0.00000000e+00]
  [ 0.00000000e+00  0.00000000e+00  0.00000000e+00]
  [ 0.00000000e+00  0.00000000e+00  0.00000000e+00]
  [ 0.00000000e+00  0.00000000e+00  0.00000000e+00]
  [ 0.00000000e+00  0.00000000e+00  0.00000000e+00]
  [ 0.00000000e+00  0.00000000e+00  0.00000000e+00]
  [ 0.00000000e+00  0.00000000e+00  0.00000000e+00]
  [ 0.00000000e+00  0.00000000e+00  0.00000000e+00]
  [ 0.00000000e+00  0.00000000e+00  0.00000000e+00]
  [ 0.00000000e+00  0.00000000e+00  0.00000000e+00]]]


Array: route_lanes
(10, 50, 3)
[[[-6.5708687e+01 -5.9806218e+00  8.3168507e-02]
  [-6.4307213e+01 -5.8637938e+00  7.2057724e-02]
  [-6.2935780e+01 -5.7648001e+00  8.3168507e-02]
  ...
  [-4.8599917e-01 -6.4604121e-01  6.0947180e-02]
  [ 9.1772652e-01 -5.6038207e-01  7.2057724e-02]
  [ 2.1021450e+00 -4.7488746e-01  7.2057724e-02]]

 [[ 2.1021450e+00 -4.7488746e-01  3.8736820e-02]
  [ 2.5708034e+00 -4.5672405e-01  7.2057724e-02]
  [ 3.0695059e+00 -4.2072633e-01  7.2057724e-02]
  ...
  [ 2.4856104e+01  2.9027984e-01  5.4895878e-03]
  [ 2.5325888e+01  2.9285881e-01  3.0415297e-02]
  [ 2.5701038e+01  3.0427265e-01  3.0415297e-02]]

 [[-1.5311718e+00  2.1139984e+00  9.4781160e-02]
  [-8.4658074e-01  2.1790798e+00  7.2057962e-02]
  [-1.9203375e-01  2.2263269e+00  7.2057724e-02]
  ...
  [ 2.9722898e+01  3.6180527e+00  3.9813519e-03]
  [ 3.0411989e+01  3.6207962e+00  7.5006485e-04]
  [ 3.0850603e+01  3.6211252e+00  7.5006485e-04]]

 ...

 [[-8.8988106e+01 -2.8981949e+01  1.5279858e+00]
  [-8.8953102e+01 -2.8164808e+01  1.5257390e+00]
  [-8.8916962e+01 -2.7363251e+01  1.5660870e+00]
  ...
  [-6.7141335e+01 -6.0997000e+00  9.0573788e-02]
  [-6.6300896e+01 -6.0233693e+00  7.2058201e-02]
  [-6.5708687e+01 -5.9806218e+00  7.2058201e-02]]

 [[ 0.0000000e+00  0.0000000e+00  0.0000000e+00]
  [ 0.0000000e+00  0.0000000e+00  0.0000000e+00]
  [ 0.0000000e+00  0.0000000e+00  0.0000000e+00]
  ...
  [ 0.0000000e+00  0.0000000e+00  0.0000000e+00]
  [ 0.0000000e+00  0.0000000e+00  0.0000000e+00]
  [ 0.0000000e+00  0.0000000e+00  0.0000000e+00]]

 [[ 0.0000000e+00  0.0000000e+00  0.0000000e+00]
  [ 0.0000000e+00  0.0000000e+00  0.0000000e+00]
  [ 0.0000000e+00  0.0000000e+00  0.0000000e+00]
  ...
  [ 0.0000000e+00  0.0000000e+00  0.0000000e+00]
  [ 0.0000000e+00  0.0000000e+00  0.0000000e+00]
  [ 0.0000000e+00  0.0000000e+00  0.0000000e+00]]]


