Arrays in the file: ['map_name', 'token', 'ego_agent_past', 'ego_agent_future', 'first_stage_ego_trajectory', 'second_stage_ego_trajectory', 'neighbor_agents_past', 'neighbor_agents_future', 'map_lanes', 'map_crosswalks', 'route_lanes']
Array: map_name
sg-one-north


Array: token
0137e7d50001568a


Array: ego_agent_past
[[-1.0814156e+01 -2.0808996e-01  2.3863077e-02  5.0175986e+00
   4.6178389e-02  1.1846175e+00 -1.8013886e-01]
 [-1.0314667e+01 -1.8547484e-01  2.3159146e-02  5.1316242e+00
   4.8993237e-02  9.0525979e-01 -9.1853105e-03]
 [-9.8151789e+00 -1.6285971e-01  2.3092506e-02  5.2275553e+00
   6.0336452e-02  6.9139147e-01  4.5838673e-02]
 [-9.2844725e+00 -1.3883114e-01  2.2688627e-02  5.3164315e+00
   6.6288434e-02  9.0858233e-01 -1.0179840e-01]
 [-8.7693748e+00 -1.1550929e-01  2.1772027e-02  5.3895359e+00
   3.9635796e-02  3.5333836e-01 -2.8145668e-01]
 [-8.2372551e+00 -1.2269873e-01  2.1218419e-02  5.4318399e+00
   3.9086301e-02  3.7307388e-01  5.4102350e-02]
 [-7.6909399e+00 -9.7963437e-02  2.1214843e-02  5.4672527e+00
   5.6940213e-02  2.0694695e-01  2.4203053e-01]
 [-7.1588202e+00 -1.0515288e-01  2.0377159e-02  5.4976001e+00
   5.3308096e-02  3.0751395e-01 -5.0184097e-02]
 [-6.6125050e+00 -8.0417588e-02  1.9253254e-02  5.5204468e+00
   3.0982036e-02 -3.6370952e-02 -2.9339233e-01]
 [-6.0647764e+00 -8.6900309e-02  1.8133402e-02  5.5443845e+00
   8.2202954e-03  2.7164477e-01 -1.5819447e-01]
 [-5.5184608e+00 -6.2165014e-02  1.7058013e-02  5.5687637e+00
  -5.7702209e-03  2.8143442e-01 -8.3824292e-02]
 [-4.9707322e+00 -6.8647735e-02  1.5735030e-02  5.5840549e+00
   2.1350230e-03  3.6783284e-01  1.3363390e-01]
 [-4.4244170e+00 -4.3912441e-02  1.4304639e-02  5.5911012e+00
   2.2547830e-02  9.1389894e-02  1.1294849e-01]
 [-3.8766880e+00 -5.0395165e-02  1.2327433e-02  5.6133232e+00
   5.5949683e-03  3.3371198e-01 -3.6781174e-01]
 [-3.3289592e+00 -5.6877889e-02  1.0261893e-02  5.6401911e+00
  -2.0481817e-02  5.1193345e-01 -2.4856457e-01]
 [-2.7826440e+00 -3.2142591e-02  8.7206354e-03  5.6781359e+00
  -2.5443733e-02  3.8295969e-01 -2.9626620e-01]
 [-2.2349153e+00 -3.8625315e-02  7.3335166e-03  5.7073107e+00
  -2.2797005e-02  4.8206452e-01  1.3437504e-01]
 [-1.6885998e+00 -1.3890019e-02  5.5677895e-03  5.7371578e+00
   1.5201680e-02  5.0963628e-01 -1.2223975e-01]
 [-1.1252621e+00 -1.9666018e-02  3.7142043e-03  5.7721629e+00
  -1.2681290e-02  5.5233407e-01 -1.7867212e-01]
 [-5.6192434e-01 -2.5442019e-02  1.3952234e-03  5.8126373e+00
   1.8597098e-02  4.7562331e-01  2.1192053e-01]
 [ 2.9103830e-11  0.0000000e+00  5.6399424e-10  5.8608727e+00
   2.3437103e-02  5.8887076e-01 -1.9409038e-01]]


Array: ego_agent_future
[[ 5.7450908e-01  1.0135530e-03 -1.7005698e-03]
 [ 1.1473367e+00 -2.2243534e-04 -3.9791069e-03]
 [ 1.7330242e+00 -2.3414320e-03 -7.1222680e-03]
 [ 2.3218036e+00 -8.9313034e-03 -1.0471934e-02]
 [ 2.9125533e+00 -1.6516257e-02 -1.4190066e-02]
 [ 3.5072556e+00 -2.6794206e-02 -1.8649422e-02]
 [ 4.1124334e+00 -4.0660862e-02 -2.3984805e-02]
 [ 4.7192721e+00 -5.7267763e-02 -2.8784951e-02]
 [ 5.3280993e+00 -7.8782000e-02 -3.4166981e-02]
 [ 5.9373827e+00 -1.0372154e-01 -4.0501818e-02]
 [ 6.5610957e+00 -1.3286176e-01 -4.7148451e-02]
 [ 7.1921549e+00 -1.6419955e-01 -5.3540755e-02]
 [ 7.8224382e+00 -2.0023102e-01 -5.9636660e-02]
 [ 8.4595785e+00 -2.3977822e-01 -6.5611191e-02]
 [ 9.1012888e+00 -2.8503466e-01 -7.1786352e-02]
 [ 9.7468824e+00 -3.3331725e-01 -7.8088641e-02]
 [ 1.0401246e+01 -3.8910678e-01 -8.4597990e-02]
 [ 1.1057683e+01 -4.4956294e-01 -9.0907335e-02]
 [ 1.1712574e+01 -5.1502424e-01 -9.7738609e-02]
 [ 1.2373255e+01 -5.8764583e-01 -1.0523785e-01]
 [ 1.3043187e+01 -6.6492093e-01 -1.1329123e-01]
 [ 1.3705828e+01 -7.4633223e-01 -1.2149785e-01]
 [ 1.4372509e+01 -8.3494544e-01 -1.3053061e-01]
 [ 1.5039694e+01 -9.3006617e-01 -1.4031091e-01]
 [ 1.5709123e+01 -1.0302505e+00 -1.5034398e-01]
 [ 1.6385456e+01 -1.1369321e+00 -1.6070966e-01]
 [ 1.7056503e+01 -1.2516369e+00 -1.7123567e-01]
 [ 1.7727371e+01 -1.3736706e+00 -1.8227357e-01]
 [ 1.8410009e+01 -1.5034484e+00 -1.9293167e-01]
 [ 1.9088667e+01 -1.6408550e+00 -2.0341823e-01]
 [ 1.9759422e+01 -1.7826195e+00 -2.1366005e-01]
 [ 2.0442017e+01 -1.9342835e+00 -2.2261006e-01]
 [ 2.1120810e+01 -2.0905504e+00 -2.3195773e-01]
 [ 2.1805820e+01 -2.2538397e+00 -2.4047998e-01]
 [ 2.2489929e+01 -2.4236019e+00 -2.4891907e-01]
 [ 2.3177513e+01 -2.5994775e+00 -2.5696358e-01]
 [ 2.3855850e+01 -2.7782531e+00 -2.6466048e-01]
 [ 2.4535044e+01 -2.9640048e+00 -2.7186027e-01]
 [ 2.5215092e+01 -3.1565957e+00 -2.7875486e-01]
 [ 2.5898798e+01 -3.3563337e+00 -2.8467253e-01]
 [ 2.6578077e+01 -3.5567448e+00 -2.8965563e-01]
 [ 2.7258501e+01 -3.7606542e+00 -2.9428163e-01]
 [ 2.7933121e+01 -3.9680886e+00 -2.9870537e-01]
 [ 2.8610739e+01 -4.1801434e+00 -3.0166125e-01]
 [ 2.9284515e+01 -4.3910503e+00 -3.0253008e-01]
 [ 2.9958069e+01 -4.5975261e+00 -3.0265924e-01]
 [ 3.0627815e+01 -4.8029518e+00 -3.0349874e-01]
 [ 3.1297070e+01 -5.0115490e+00 -3.0565268e-01]
 [ 3.1972792e+01 -5.2250214e+00 -3.0777889e-01]
 [ 3.2644424e+01 -5.4376168e+00 -3.0960605e-01]
 [ 3.3314907e+01 -5.6511831e+00 -3.1164032e-01]
 [ 3.3990112e+01 -5.8686161e+00 -3.1442559e-01]
 [ 3.4653427e+01 -6.0850372e+00 -3.1687579e-01]
 [ 3.5321171e+01 -6.3045044e+00 -3.1910729e-01]
 [ 3.5990440e+01 -6.5286593e+00 -3.2155761e-01]
 [ 3.6656441e+01 -6.7565770e+00 -3.2421058e-01]
 [ 3.7313404e+01 -6.9849224e+00 -3.2650495e-01]
 [ 3.7975086e+01 -7.2133298e+00 -3.2870027e-01]
 [ 3.8641857e+01 -7.4432955e+00 -3.3092588e-01]
 [ 3.9313992e+01 -7.6735263e+00 -3.3310169e-01]
 [ 3.9976898e+01 -7.9012976e+00 -3.3530053e-01]
 [ 4.0646362e+01 -8.1326933e+00 -3.3745748e-01]
 [ 4.1309704e+01 -8.3633966e+00 -3.3959147e-01]
 [ 4.1981926e+01 -8.5984030e+00 -3.4177190e-01]
 [ 4.2645565e+01 -8.8301420e+00 -3.4395018e-01]
 [ 4.3313320e+01 -9.0641060e+00 -3.4596044e-01]
 [ 4.3997047e+01 -9.3035383e+00 -3.4812438e-01]
 [ 4.4668377e+01 -9.5402374e+00 -3.5010031e-01]
 [ 4.5349529e+01 -9.7817717e+00 -3.5230571e-01]
 [ 4.6024937e+01 -1.0025329e+01 -3.5465762e-01]
 [ 4.6705650e+01 -1.0273844e+01 -3.5717708e-01]
 [ 4.7379051e+01 -1.0520474e+01 -3.5921109e-01]
 [ 4.8051746e+01 -1.0767652e+01 -3.6107516e-01]
 [ 4.8721706e+01 -1.1016188e+01 -3.6342117e-01]
 [ 4.9390408e+01 -1.1264973e+01 -3.6603749e-01]
 [ 5.0069218e+01 -1.1517943e+01 -3.6876038e-01]
 [ 5.0740047e+01 -1.1774118e+01 -3.7152627e-01]
 [ 5.1408012e+01 -1.2031994e+01 -3.7399110e-01]
 [ 5.2079834e+01 -1.2292543e+01 -3.7626386e-01]
 [ 5.2743702e+01 -1.2552713e+01 -3.7867177e-01]]


Array: first_stage_ego_trajectory
[[[ 5.0019830e-01 -2.1049250e-02 -4.3969311e-02 ...  6.0222840e-01
   -1.1461982e-02  1.0000000e-01]
  [ 1.1000060e+00 -5.0337318e-02 -5.4992728e-02 ...  6.1331105e-01
   -2.5263915e-02  2.0000000e-01]
  [ 1.6988456e+00 -8.8690571e-02 -7.4312218e-02 ...  6.2211877e-01
   -3.9138854e-02  3.0000001e-01]
  ...
  [ 1.7807226e+01 -4.7167377e+00 -2.5950670e-01 ...  1.0295650e-01
    3.0711478e-02  2.8000000e+00]
  [ 1.8582598e+01 -4.9131694e+00 -2.3762558e-01 ...  5.2615643e-02
    2.3998057e-02  2.9000001e+00]
  [ 1.9264254e+01 -5.0727100e+00 -2.2288038e-01 ...  1.1920929e-07
    1.8128742e-02  3.0000000e+00]]

 [[ 5.0019830e-01 -2.1049250e-02 -4.3969311e-02 ...  5.0870609e-01
   -1.1461982e-02  1.0000000e-01]
  [ 1.1000060e+00 -5.0337318e-02 -5.4992728e-02 ...  4.3271625e-01
   -2.5263915e-02  2.0000000e-01]
  [ 1.6988456e+00 -8.8690571e-02 -7.4312218e-02 ...  3.6090130e-01
   -3.9138854e-02  3.0000001e-01]
  ...
  [ 1.6080332e+01 -4.2096729e+00 -3.0766413e-01 ... -7.7638626e-02
    1.9666333e-02  2.8000000e+00]
  [ 1.6653412e+01 -4.3877492e+00 -2.9440346e-01 ... -4.0906668e-02
    2.4530262e-02  2.9000001e+00]
  [ 1.7228922e+01 -4.5573330e+00 -2.7822340e-01 ... -2.3841858e-07
    2.9406302e-02  3.0000000e+00]]

 [[ 5.0019830e-01 -2.1049250e-02 -4.3969311e-02 ...  6.9575071e-01
   -1.1461982e-02  1.0000000e-01]
  [ 1.1000060e+00 -5.0337318e-02 -5.4992728e-02 ...  7.9390585e-01
   -2.5263915e-02  2.0000000e-01]
  [ 1.6988456e+00 -8.8690571e-02 -7.4312218e-02 ...  8.8333625e-01
   -3.9138854e-02  3.0000001e-01]
  ...
  [ 1.9654783e+01 -5.1598258e+00 -2.1629626e-01 ...  2.8355098e-01
    1.4782292e-02  2.8000000e+00]
  [ 2.0437332e+01 -5.3276606e+00 -2.0713855e-01 ...  1.4613700e-01
    8.1049846e-03  2.9000001e+00]
  [ 2.1318834e+01 -5.5104842e+00 -2.0255701e-01 ... -4.7683716e-07
    3.4156700e-03  3.0000000e+00]]

 ...

 [[ 5.0019830e-01 -2.1049250e-02 -4.3969311e-02 ...  9.7631758e-01
   -1.1461982e-02  1.0000000e-01]
  [ 1.1000060e+00 -5.0337318e-02 -5.4992728e-02 ...  1.3356903e+00
   -2.5263915e-02  2.0000000e-01]
  [ 1.6988456e+00 -8.8690571e-02 -7.4312218e-02 ...  1.6669886e+00
   -3.9138854e-02  3.0000001e-01]
  ...
  [ 2.4944275e+01 -6.2489119e+00 -2.0147181e-01 ...  8.2533526e-01
    1.9640249e-04  2.8000000e+00]
  [ 2.6218103e+01 -6.5086098e+00 -2.0072919e-01 ...  4.2670321e-01
    1.0953845e-04  2.9000001e+00]
  [ 2.7491884e+01 -6.7683802e+00 -2.0214611e-01 ... -2.3841858e-07
   -2.2894659e-03  3.0000000e+00]]

 [[ 5.0029564e-01 -3.3401322e-02 -6.9358803e-02 ...  1.3461685e-01
   -1.6130291e-02  1.0000000e-01]
  [ 1.0997171e+00 -7.9138793e-02 -8.4905073e-02 ... -2.8966290e-01
   -3.5630293e-02  2.0000000e-01]
  [ 1.6970389e+00 -1.3760203e-01 -1.1219842e-01 ... -6.8396854e-01
   -5.5359207e-02  3.0000001e-01]
  ...
  [ 9.1184673e+00 -2.4599075e+00 -3.7842441e-01 ... -8.0001855e-01
    3.2876844e-03  2.8000000e+00]
  [ 9.1184673e+00 -2.4599075e+00 -3.7842441e-01 ... -4.1499543e-01
    3.2876844e-03  2.9000001e+00]
  [ 9.1184673e+00 -2.4599075e+00 -3.7842441e-01 ... -2.3841858e-07
    3.2876844e-03  3.0000000e+00]]

 [[ 4.9901277e-01 -7.1099296e-02 -1.4556186e-01 ...  1.3461685e-01
   -2.4045371e-02  1.0000000e-01]
  [ 1.0951512e+00 -1.6470775e-01 -1.6890366e-01 ... -2.8966290e-01
   -5.3482313e-02  2.0000000e-01]
  [ 1.6852669e+00 -2.7696711e-01 -2.1011832e-01 ... -6.8396854e-01
   -8.3926149e-02  3.0000001e-01]
  ...
  [ 8.8420000e+00 -3.3060482e+00 -2.5105605e-01 ... -8.0001855e-01
    7.3228650e-02  2.8000000e+00]
  [ 8.8420000e+00 -3.3060482e+00 -2.5105605e-01 ... -4.1499543e-01
    7.3228650e-02  2.9000001e+00]
  [ 8.8420000e+00 -3.3060482e+00 -2.5105605e-01 ... -2.3841858e-07
    7.3228650e-02  3.0000000e+00]]]


Array: second_stage_ego_trajectory
[[[ 5.00198305e-01 -2.10492499e-02 -4.39693108e-02 ...  6.95750713e-01
   -1.14619816e-02  1.00000001e-01]
  [ 1.10000598e+00 -5.03373183e-02 -5.49927279e-02 ...  7.93905854e-01
   -2.52639148e-02  2.00000003e-01]
  [ 1.69884562e+00 -8.86905715e-02 -7.43122175e-02 ...  8.83336246e-01
   -3.91388535e-02  3.00000012e-01]
  ...
  [ 5.09356880e+01 -1.27296028e+01 -3.09207529e-01 ... -2.30399609e-01
   -6.67858263e-03  9.80000019e+00]
  [ 5.13165588e+01 -1.28518353e+01 -3.11880350e-01 ... -1.17599964e-01
   -6.68523740e-03  9.89999962e+00]
  [ 5.16019974e+01 -1.29441767e+01 -3.13886672e-01 ...  0.00000000e+00
   -6.69026002e-03  1.00000000e+01]]

 [[ 5.00198305e-01 -2.10492499e-02 -4.39693108e-02 ...  5.08706093e-01
   -1.14619816e-02  1.00000001e-01]
  [ 1.10000598e+00 -5.03373183e-02 -5.49927279e-02 ...  4.32716250e-01
   -2.52639148e-02  2.00000003e-01]
  [ 1.69884562e+00 -8.86905715e-02 -7.43122175e-02 ...  3.60901296e-01
   -3.91388535e-02  3.00000012e-01]
  ...
  [ 4.96956253e+01 -1.23393793e+01 -3.00532401e-01 ...  1.15200520e-01
   -6.69010170e-03  9.80000019e+00]
  [ 5.05544891e+01 -1.26083889e+01 -3.06537390e-01 ...  5.88006973e-02
   -6.67197490e-03  9.89999962e+00]
  [ 5.13165588e+01 -1.28518353e+01 -3.11880350e-01 ...  7.15255737e-07
   -6.68523740e-03  1.00000000e+01]]

 [[ 5.00198305e-01 -2.10492499e-02 -4.39693108e-02 ...  6.02228403e-01
   -1.14619816e-02  1.00000001e-01]
  [ 1.10000598e+00 -5.03373183e-02 -5.49927279e-02 ...  6.13311052e-01
   -2.52639148e-02  2.00000003e-01]
  [ 1.69884562e+00 -8.86905715e-02 -7.43122175e-02 ...  6.22118771e-01
   -3.91388535e-02  3.00000012e-01]
  ...
  [ 5.30263748e+01 -1.34144783e+01 -3.23937684e-01 ...  5.19752575e-07
   -6.70369668e-03  9.80000019e+00]
  [ 5.36894493e+01 -1.36388483e+01 -3.28629553e-01 ...  5.60954163e-07
   -6.70145033e-03  9.89999962e+00]
  [ 5.43514633e+01 -1.38663263e+01 -3.33319873e-01 ...  6.03497028e-07
   -6.69935392e-03  1.00000000e+01]]

 ...

 [[ 5.00198305e-01 -2.10492499e-02 -4.39693108e-02 ...  1.34616852e-01
   -1.14619816e-02  1.00000001e-01]
  [ 1.10000598e+00 -5.03373183e-02 -5.49927279e-02 ... -2.89662898e-01
   -2.52639148e-02  2.00000003e-01]
  [ 1.69884562e+00 -8.86905715e-02 -7.43122175e-02 ... -6.83968544e-01
   -3.91388535e-02  3.00000012e-01]
  ...
  [ 9.18282509e+00 -1.81847632e+00 -3.23811650e-01 ...  1.79290964e-08
   -1.32777337e-02  9.80000019e+00]
  [ 9.18282509e+00 -1.81847632e+00 -3.23811650e-01 ...  9.25069799e-09
   -1.32777337e-02  9.89999962e+00]
  [ 9.18282509e+00 -1.81847632e+00 -3.23811650e-01 ...  0.00000000e+00
   -1.32777337e-02  1.00000000e+01]]

 [[ 5.00295639e-01 -3.34013216e-02 -6.93588033e-02 ...  1.34616852e-01
   -1.61302909e-02  1.00000001e-01]
  [ 1.09971714e+00 -7.91387931e-02 -8.49050730e-02 ... -2.89662898e-01
   -3.56302932e-02  2.00000003e-01]
  [ 1.69703889e+00 -1.37602031e-01 -1.12198420e-01 ... -6.83968544e-01
   -5.53592071e-02  3.00000012e-01]
  ...
  [ 9.02554512e+00 -2.42294645e+00 -3.78714800e-01 ...  1.79290964e-08
    2.51989346e-03  9.80000019e+00]
  [ 9.02554512e+00 -2.42294645e+00 -3.78714800e-01 ...  9.25069799e-09
    2.51989346e-03  9.89999962e+00]
  [ 9.02554512e+00 -2.42294645e+00 -3.78714800e-01 ...  0.00000000e+00
    2.51989346e-03  1.00000000e+01]]

 [[ 4.99012768e-01 -7.10992962e-02 -1.45561859e-01 ...  1.34616852e-01
   -2.40453705e-02  1.00000001e-01]
  [ 1.09515119e+00 -1.64707750e-01 -1.68903664e-01 ... -2.89662898e-01
   -5.34823127e-02  2.00000003e-01]
  [ 1.68526685e+00 -2.76967108e-01 -2.10118324e-01 ... -6.83968544e-01
   -8.39261487e-02  3.00000012e-01]
  ...
  [ 8.74505901e+00 -3.28080273e+00 -2.58501142e-01 ...  1.79290964e-08
    7.54163191e-02  9.80000019e+00]
  [ 8.74505901e+00 -3.28080273e+00 -2.58501142e-01 ...  9.25069799e-09
    7.54163191e-02  9.89999962e+00]
  [ 8.74505901e+00 -3.28080273e+00 -2.58501142e-01 ...  0.00000000e+00
    7.54163191e-02  1.00000000e+01]]]


Array: neighbor_agents_past
[[[  3.135195     3.6455367    0.59015524 ...   1.           0.
     0.        ]
  [  3.5879173    4.0101366    0.6215187  ...   1.           0.
     0.        ]
  [  3.9498127    4.30806      0.65413105 ...   1.           0.
     0.        ]
  ...
  [  9.429919    12.126428     1.1719565  ...   1.           0.
     0.        ]
  [  9.698221    12.764216     1.1862081  ...   1.           0.
     0.        ]
  [  9.92111     13.368666     1.194615   ...   1.           0.
     0.        ]]

 [[ 33.205177   -19.330404     2.9054015  ...   1.           0.
     0.        ]
  [ 32.492878   -19.14368      2.9114678  ...   1.           0.
     0.        ]
  [ 31.747946   -18.927153     2.9146795  ...   1.           0.
     0.        ]
  ...
  [ 18.40562    -16.496893     3.009962   ...   1.           0.
     0.        ]
  [ 17.603907   -16.408064     3.0142987  ...   1.           0.
     0.        ]
  [ 16.613472   -16.296497     3.018989   ...   1.           0.
     0.        ]]

 [[  8.603721   -21.789402     1.1603098  ...   0.           1.
     0.        ]
  [  8.602307   -21.758183     1.1789687  ...   0.           1.
     0.        ]
  [  8.617916   -21.757477     1.2054216  ...   0.           1.
     0.        ]
  ...
  [  8.791028   -21.78092      1.3143941  ...   0.           1.
     0.        ]
  [  8.791028   -21.78092      1.3392582  ...   0.           1.
     0.        ]
  [  8.791028   -21.78092      1.3672491  ...   0.           1.
     0.        ]]

 ...

 [[  0.           0.           0.         ...   0.           0.
     0.        ]
  [  0.           0.           0.         ...   0.           0.
     0.        ]
  [  0.           0.           0.         ...   0.           0.
     0.        ]
  ...
  [  0.           0.           0.         ...   0.           0.
     0.        ]
  [  0.           0.           0.         ...   0.           0.
     0.        ]
  [  0.           0.           0.         ...   0.           0.
     0.        ]]

 [[  0.           0.           0.         ...   0.           0.
     0.        ]
  [  0.           0.           0.         ...   0.           0.
     0.        ]
  [  0.           0.           0.         ...   0.           0.
     0.        ]
  ...
  [  0.           0.           0.         ...   0.           0.
     0.        ]
  [  0.           0.           0.         ...   0.           0.
     0.        ]
  [  0.           0.           0.         ...   0.           0.
     0.        ]]

 [[  0.           0.           0.         ...   0.           0.
     0.        ]
  [  0.           0.           0.         ...   0.           0.
     0.        ]
  [  0.           0.           0.         ...   0.           0.
     0.        ]
  ...
  [  0.           0.           0.         ...   0.           0.
     0.        ]
  [  0.           0.           0.         ...   0.           0.
     0.        ]
  [  0.           0.           0.         ...   0.           0.
     0.        ]]]


Array: neighbor_agents_future
[[[ 10.176991   14.083328    1.2047956]
  [ 10.415489   14.688485    1.2084988]
  [ 10.668182   15.325566    1.2135261]
  ...
  [  0.          0.          0.       ]
  [  0.          0.          0.       ]
  [  0.          0.          0.       ]]

 [[ 15.660269  -16.168371    3.0250373]
  [ 14.654225  -16.057512    3.031052 ]
  [ 13.8198805 -15.938878    3.0341322]
  ...
  [  0.          0.          0.       ]
  [  0.          0.          0.       ]
  [  0.          0.          0.       ]]

 [[  8.812651  -21.765068    1.3881161]
  [  8.814064  -21.796286    1.4028337]
  [  8.829673  -21.79558     1.4144382]
  ...
  [  8.778605  -21.704046    1.3356957]
  [  8.794214  -21.703339    1.3981831]
  [  8.811237  -21.73385     1.3344362]]

 ...

 [[  0.          0.          0.       ]
  [  0.          0.          0.       ]
  [  0.          0.          0.       ]
  ...
  [  0.          0.          0.       ]
  [  0.          0.          0.       ]
  [  0.          0.          0.       ]]

 [[  0.          0.          0.       ]
  [  0.          0.          0.       ]
  [  0.          0.          0.       ]
  ...
  [  0.          0.          0.       ]
  [  0.          0.          0.       ]
  [  0.          0.          0.       ]]

 [[  0.          0.          0.       ]
  [  0.          0.          0.       ]
  [  0.          0.          0.       ]
  ...
  [  0.          0.          0.       ]
  [  0.          0.          0.       ]
  [  0.          0.          0.       ]]]


Array: map_lanes
[[[-6.54859447e+00  2.35296205e-01  4.52456474e-02 ...  0.00000000e+00
    0.00000000e+00  0.00000000e+00]
  [-5.84618902e+00  2.67098725e-01  8.30411911e-04 ...  0.00000000e+00
    0.00000000e+00  0.00000000e+00]
  [-5.14237022e+00  2.67683238e-01  4.52456474e-02 ...  0.00000000e+00
    0.00000000e+00  0.00000000e+00]
  ...
  [ 2.62550335e+01 -2.97176957e+00 -1.78231001e-01 ...  0.00000000e+00
    0.00000000e+00  0.00000000e+00]
  [ 2.69488964e+01 -3.09676385e+00 -1.92589760e-01 ...  0.00000000e+00
    0.00000000e+00  0.00000000e+00]
  [ 2.74696484e+01 -3.19831395e+00 -1.92589760e-01 ...  0.00000000e+00
    0.00000000e+00  0.00000000e+00]]

 [[-6.54859447e+00  2.35296205e-01  4.52456474e-02 ...  0.00000000e+00
    0.00000000e+00  1.00000000e+00]
  [-6.12715101e+00  2.54377723e-01  4.52456474e-02 ...  0.00000000e+00
    0.00000000e+00  1.00000000e+00]
  [-5.72131681e+00  2.72752523e-01  4.52456474e-02 ...  0.00000000e+00
    0.00000000e+00  1.00000000e+00]
  ...
  [ 8.58396149e+00  1.07742815e+01  1.24886775e+00 ...  0.00000000e+00
    0.00000000e+00  1.00000000e+00]
  [ 8.72167683e+00  1.11871824e+01  1.27302003e+00 ...  0.00000000e+00
    0.00000000e+00  1.00000000e+00]
  [ 8.78982735e+00  1.14092426e+01  1.27302003e+00 ...  0.00000000e+00
    0.00000000e+00  1.00000000e+00]]

 [[-8.23639202e+00 -3.25086117e+00  4.52458858e-02 ...  0.00000000e+00
    0.00000000e+00  0.00000000e+00]
  [-7.67446756e+00 -3.22541904e+00  4.52454090e-02 ...  0.00000000e+00
    0.00000000e+00  0.00000000e+00]
  [-7.11254311e+00 -3.19997716e+00  4.52458858e-02 ...  0.00000000e+00
    0.00000000e+00  0.00000000e+00]
  ...
  [ 1.80188866e+01 -4.84621096e+00 -1.73423529e-01 ...  0.00000000e+00
    0.00000000e+00  0.00000000e+00]
  [ 1.85864639e+01 -4.94564104e+00 -2.33053923e-01 ...  0.00000000e+00
    0.00000000e+00  0.00000000e+00]
  [ 1.91398468e+01 -5.07699585e+00 -2.33053923e-01 ...  0.00000000e+00
    0.00000000e+00  0.00000000e+00]]

 ...

 [[-4.41060925e+00 -4.21488800e+01 -1.92034161e+00 ...  0.00000000e+00
    0.00000000e+00  1.00000000e+00]
  [-4.48017359e+00 -4.23397217e+01 -1.82843697e+00 ...  0.00000000e+00
    0.00000000e+00  1.00000000e+00]
  [-4.54691124e+00 -4.25929985e+01 -1.92034161e+00 ...  0.00000000e+00
    0.00000000e+00  1.00000000e+00]
  ...
  [-7.61505508e+00 -5.22103653e+01 -1.84730601e+00 ...  0.00000000e+00
    0.00000000e+00  1.00000000e+00]
  [-7.66901064e+00 -5.24004974e+01 -3.09616661e+00 ...  0.00000000e+00
    0.00000000e+00  1.00000000e+00]
  [-7.68461943e+00 -5.24012070e+01 -3.09616661e+00 ...  0.00000000e+00
    0.00000000e+00  1.00000000e+00]]

 [[ 2.87177639e+01  4.93806992e+01 -1.14504635e+00 ...  0.00000000e+00
    0.00000000e+00  1.00000000e+00]
  [ 2.88567696e+01  4.90741730e+01 -1.14504123e+00 ...  0.00000000e+00
    0.00000000e+00  1.00000000e+00]
  [ 2.89957771e+01  4.87676468e+01 -1.10733151e+00 ...  0.00000000e+00
    0.00000000e+00  1.00000000e+00]
  ...
  [ 2.43519859e+01  3.59507408e+01 -2.80488014e+00 ...  0.00000000e+00
    0.00000000e+00  1.00000000e+00]
  [ 2.40440464e+01  3.58429489e+01 -2.67812514e+00 ...  0.00000000e+00
    0.00000000e+00  1.00000000e+00]
  [ 2.37687378e+01  3.57053566e+01 -2.67812514e+00 ...  0.00000000e+00
    0.00000000e+00  1.00000000e+00]]

 [[ 1.81362152e+01  4.05805855e+01  1.25726438e+00 ...  0.00000000e+00
    0.00000000e+00  1.00000000e+00]
  [ 1.81773891e+01  4.07075768e+01  1.25728631e+00 ...  0.00000000e+00
    0.00000000e+00  1.00000000e+00]
  [ 1.82185612e+01  4.08345718e+01  1.25726438e+00 ...  0.00000000e+00
    0.00000000e+00  1.00000000e+00]
  ...
  [ 1.99251614e+01  4.63236275e+01  1.15237784e+00 ...  0.00000000e+00
    0.00000000e+00  1.00000000e+00]
  [ 1.99535542e+01  4.63874779e+01  1.29428887e+00 ...  0.00000000e+00
    0.00000000e+00  1.00000000e+00]
  [ 1.99805317e+01  4.64825439e+01  1.29428887e+00 ...  0.00000000e+00
    0.00000000e+00  1.00000000e+00]]]


Array: map_crosswalks
[[[-4.34814405e+00 -1.00194216e+01  1.18516946e+00]
  [-3.54606414e+00 -8.04362106e+00  1.18464112e+00]
  [-2.72978854e+00 -6.03589630e+00  1.19121003e+00]
  [-1.92912209e+00 -4.02887774e+00  1.19121003e+00]
  [-1.12845564e+00 -2.02185965e+00  1.18516946e+00]
  [-3.26375753e-01 -4.60591950e-02  1.19121003e+00]
  [ 4.74290699e-01  1.96095920e+00  1.17853236e+00]
  [ 1.29197967e+00  3.93746614e+00  2.17464089e+00]
  [ 1.04088318e+00  4.30148172e+00 -2.79046774e+00]
  [ 4.56221461e-01  4.08731794e+00 -2.79046822e+00]
  [-1.28440216e-01  3.87315440e+00 -2.79784822e+00]
  [-7.28710890e-01  3.65828419e+00 -2.79046822e+00]
  [-1.31337261e+00  3.44412065e+00 -2.84534407e+00]
  [-1.91505671e+00  3.26046824e+00 -2.79046822e+00]
  [-2.49971843e+00  3.04630470e+00 -2.15229368e+00]
  [-3.11430693e+00  2.11129975e+00 -1.94921958e+00]
  [-3.76023555e+00  4.86671656e-01 -1.94921947e+00]
  [-4.40616417e+00 -1.13795650e+00 -1.95668936e+00]
  [-5.05350637e+00 -2.73136663e+00 -1.94198930e+00]
  [-5.69802189e+00 -4.38721275e+00 -1.94104266e+00]
  [-6.32834148e+00 -6.01113415e+00 -1.95733643e+00]
  [-6.98987913e+00 -7.63646936e+00 -1.85879481e+00]
  [-7.35619783e+00 -8.87305355e+00 -3.72977972e-01]
  [-6.92627382e+00 -9.04127979e+00 -3.72980118e-01]
  [-6.49635029e+00 -9.20950699e+00 -3.72977972e-01]
  [-6.06642628e+00 -9.37773323e+00 -3.09459925e-01]
  [-5.63791561e+00 -9.51474190e+00 -3.72977972e-01]
  [-5.20799160e+00 -9.68296814e+00 -3.72980118e-01]
  [-4.77806807e+00 -9.85119534e+00 -3.72977972e-01]
  [-4.34814405e+00 -1.00194216e+01 -3.72977972e-01]]

 [[ 3.74160838e+00  6.48837423e+00  1.32565498e-02]
  [ 5.69556141e+00  6.51427841e+00  1.29988194e-02]
  [ 7.63390541e+00  6.53947592e+00  1.29988194e-02]
  [ 9.57224941e+00  6.56467342e+00  1.32567883e-02]
  [ 1.15262022e+01  6.59057808e+00  1.29988194e-02]
  [ 1.34645462e+01  6.61577559e+00  2.92470455e-02]
  [ 1.54170866e+01  6.67289782e+00  1.29988194e-02]
  [ 1.73554306e+01  6.69809532e+00  7.83061266e-01]
  [ 1.76846943e+01  7.02582359e+00  1.99654746e+00]
  [ 1.74761848e+01  7.48561335e+00  1.99037766e+00]
  [ 1.72846966e+01  7.91489124e+00  1.99654698e+00]
  [ 1.70761871e+01  8.37468147e+00  2.02093434e+00]
  [ 1.68690910e+01  8.80325222e+00  1.99654698e+00]
  [ 1.66605816e+01  9.26304245e+00  1.99037719e+00]
  [ 1.64690933e+01  9.69232082e+00  2.84754634e+00]
  [ 1.56603127e+01  9.93723965e+00 -3.11832166e+00]
  [ 1.42384796e+01  9.90414619e+00 -3.11856580e+00]
  [ 1.28322554e+01  9.87175941e+00 -3.11832094e+00]
  [ 1.14104223e+01  9.83866501e+00 -3.14027452e+00]
  [ 9.98717594e+00  9.83678913e+00 -3.11856580e+00]
  [ 8.58095169e+00  9.80440235e+00 -3.11832166e+00]
  [ 7.15911770e+00  9.77130890e+00 -3.04234529e+00]
  [ 6.00687838e+00  9.65657520e+00 -2.19151998e+00]
  [ 5.68326807e+00  9.20397472e+00 -2.19152021e+00]
  [ 5.35965824e+00  8.75137520e+00 -2.19151926e+00]
  [ 5.03604841e+00  8.29877472e+00 -2.19152069e+00]
  [ 4.71243811e+00  7.84617472e+00 -2.15829945e+00]
  [ 4.39024162e+00  7.36235666e+00 -2.22780704e+00]
  [ 4.06521845e+00  6.94097424e+00 -2.19152021e+00]
  [ 3.74160838e+00  6.48837423e+00 -2.19152021e+00]]

 [[-9.29839993e+00 -2.26312294e+01  1.19318795e+00]
  [-8.54032040e+00 -2.07199860e+01  1.18686318e+00]
  [-7.78082657e+00 -1.88399601e+01  1.20621467e+00]
  [-7.03976965e+00 -1.68982048e+01  1.19318795e+00]
  [-6.28168964e+00 -1.49869604e+01  1.18686318e+00]
  [-5.52219629e+00 -1.31069345e+01  1.19318795e+00]
  [-4.76411676e+00 -1.11956902e+01  1.20013976e+00]
  [-4.02164602e+00 -9.28515244e+00  1.76493192e+00]
  [-4.14356899e+00 -8.66503239e+00  2.78194737e+00]
  [-4.58910179e+00 -8.49751282e+00  2.76861501e+00]
  [-5.01902580e+00 -8.32928658e+00  2.76861310e+00]
  [-5.44894981e+00 -8.16105938e+00  2.78194737e+00]
  [-5.89448261e+00 -7.99353981e+00  2.76861405e+00]
  [-6.32440662e+00 -7.82531309e+00  2.76861405e+00]
  [-6.75433064e+00 -7.65708637e+00 -2.19518948e+00]
  [-7.31355000e+00 -8.43317413e+00 -1.95855653e+00]
  [-8.00347900e+00 -1.01223583e+01 -1.95075572e+00]
  [-8.67779922e+00 -1.18108368e+01 -1.95075536e+00]
  [-9.35211849e+00 -1.34993143e+01 -1.95855653e+00]
  [-1.00420475e+01 -1.51884985e+01 -1.95075583e+00]
  [-1.07163677e+01 -1.68769760e+01 -1.95855606e+00]
  [-1.14062958e+01 -1.85661602e+01 -1.87151825e+00]
  [-1.18293972e+01 -1.99304428e+01 -8.23295832e-01]
  [-1.14676247e+01 -2.03207302e+01 -8.23292017e-01]
  [-1.11058512e+01 -2.07110157e+01 -8.23295832e-01]
  [-1.07440786e+01 -2.11013031e+01 -8.23292017e-01]
  [-1.03823051e+01 -2.14915886e+01 -7.83603430e-01]
  [-1.00219460e+01 -2.18506565e+01 -8.23294401e-01]
  [-9.66017246e+00 -2.22409439e+01 -8.23293209e-01]
  [-9.29839993e+00 -2.26312294e+01 -8.23293209e-01]]

 [[ 9.93767548e+00 -2.11972103e+01  1.24433303e+00]
  [ 1.05722971e+01 -1.93228378e+01  1.24433351e+00]
  [ 1.12069178e+01 -1.74484653e+01  1.24433303e+00]
  [ 1.18415394e+01 -1.55740929e+01  1.24433351e+00]
  [ 1.24761600e+01 -1.36997204e+01  1.24433303e+00]
  [ 1.31107817e+01 -1.18253479e+01  1.24433351e+00]
  [ 1.37454023e+01 -9.95097542e+00  1.24433255e+00]
  [ 1.43800240e+01 -8.07660389e+00  1.84860015e+00]
  [ 1.42126865e+01 -7.48982191e+00  2.78194642e+00]
  [ 1.37671537e+01 -7.32230186e+00  2.83213162e+00]
  [ 1.33386440e+01 -7.18529320e+00  2.76861405e+00]
  [ 1.29087200e+01 -7.01706648e+00  2.84381509e+00]
  [ 1.24646006e+01 -6.88076496e+00  2.76861405e+00]
  [ 1.20346766e+01 -6.71253824e+00  2.83213258e+00]
  [ 1.16061659e+01 -6.57552958e+00 -2.08942032e+00]
  [ 1.09830351e+01 -7.66733122e+00 -1.90369260e+00]
  [ 1.01808949e+01 -9.98723698e+00 -1.89776349e+00]
  [ 9.39436245e+00 -1.23064356e+01 -1.89904797e+00]
  [ 8.59363461e+00 -1.46575584e+01 -1.89776313e+00]
  [ 7.80710316e+00 -1.69767570e+01 -1.90369308e+00]
  [ 7.00496197e+00 -1.92966614e+01 -1.89904773e+00]
  [ 6.20423412e+00 -2.16477852e+01 -1.82736063e+00]
  [ 5.76404953e+00 -2.33256626e+01  4.77654457e-01]
  [ 6.36007977e+00 -2.30171375e+01  4.77651596e-01]
  [ 6.95611048e+00 -2.27086143e+01  4.77654457e-01]
  [ 7.55214071e+00 -2.24000893e+01  4.34561253e-01]
  [ 8.14958477e+00 -2.21227837e+01  4.77654457e-01]
  [ 8.74561501e+00 -2.18142586e+01  5.19097567e-01]
  [ 9.34023190e+00 -2.14745159e+01  4.34561491e-01]
  [ 9.93767548e+00 -2.11972103e+01  4.34561491e-01]]

 [[ 1.65768814e+01  9.38438034e+00 -1.88582122e+00]
  [ 1.58215685e+01  7.06659555e+00 -1.88432121e+00]
  [ 1.50804501e+01  4.78073502e+00 -1.89039600e+00]
  [ 1.43237219e+01  2.49416828e+00 -1.89039552e+00]
  [ 1.35669947e+01  2.07601100e-01 -1.88582158e+00]
  [ 1.28116808e+01 -2.11018395e+00 -1.87981009e+00]
  [ 1.20719757e+01 -4.42726231e+00 -1.89039552e+00]
  [ 1.13152485e+01 -6.71382952e+00 -1.36778188e+00]
  [ 1.14556074e+01 -7.39567900e+00 -2.33053207e-01]
  [ 1.18983135e+01 -7.50076246e+00 -2.97778606e-01]
  [ 1.23424330e+01 -7.63706446e+00 -2.97778606e-01]
  [ 1.27865524e+01 -7.77336645e+00 -2.33054161e-01]
  [ 1.32292585e+01 -7.87845039e+00 -2.97778606e-01]
  [ 1.36733780e+01 -8.01475239e+00 -2.97776461e-01]
  [ 1.41174974e+01 -8.15105343e+00  1.01049733e+00]
  [ 1.46426716e+01 -7.31394339e+00  1.24170804e+00]
  [ 1.52503157e+01 -5.53463840e+00  1.24170852e+00]
  [ 1.58579588e+01 -3.75533366e+00  1.24769282e+00]
  [ 1.64641895e+01 -1.94481087e+00  1.24946713e+00]
  [ 1.70562229e+01 -1.66212767e-01  1.23553586e+00]
  [ 1.76652794e+01  1.58187401e+00  1.24769235e+00]
  [ 1.82715111e+01  3.39239693e+00  1.31679606e+00]
  [ 1.86577396e+01  4.88013887e+00  2.00064778e+00]
  [ 1.83627033e+01  5.52370262e+00  2.02093339e+00]
  [ 1.80520592e+01  6.16656017e+00  2.00064492e+00]
  [ 1.77570248e+01  6.81012440e+00  2.00064778e+00]
  [ 1.74619884e+01  7.45368862e+00  2.00064778e+00]
  [ 1.71669521e+01  8.09725285e+00  2.00064588e+00]
  [ 1.68719177e+01  8.74081612e+00  2.00064778e+00]
  [ 1.65768814e+01  9.38438034e+00  2.00064778e+00]]]


Array: route_lanes
[[[-6.5485945e+00  2.3529620e-01  4.5245647e-02]
  [-5.8461890e+00  2.6709872e-01  8.3041191e-04]
  [-5.1423702e+00  2.6768324e-01  4.5245647e-02]
  ...
  [ 2.6255033e+01 -2.9717696e+00 -1.7823100e-01]
  [ 2.6948896e+01 -3.0967638e+00 -1.9258976e-01]
  [ 2.7469648e+01 -3.1983140e+00 -1.9258976e-01]]

 [[-8.2363920e+00 -3.2508612e+00  4.5245886e-02]
  [-7.6744676e+00 -3.2254190e+00  4.5245409e-02]
  [-7.1125431e+00 -3.1999772e+00  4.5245886e-02]
  ...
  [ 1.8018887e+01 -4.8462110e+00 -1.7342353e-01]
  [ 1.8586464e+01 -4.9456410e+00 -2.3305392e-01]
  [ 1.9139847e+01 -5.0769958e+00 -2.3305392e-01]]

 [[ 1.9139847e+01 -5.0769958e+00 -2.0869327e-01]
  [ 2.1208656e+01 -5.5151215e+00 -1.9259024e-01]
  [ 2.3291660e+01 -5.9213223e+00 -2.0685029e-01]
  ...
  [ 1.0895911e+02 -4.4648697e+01 -6.8262458e-01]
  [ 1.1059922e+02 -4.5982128e+01 -6.8934846e-01]
  [ 1.1211022e+02 -4.7227558e+01 -6.8934846e-01]]

 ...

 [[ 0.0000000e+00  0.0000000e+00  0.0000000e+00]
  [ 0.0000000e+00  0.0000000e+00  0.0000000e+00]
  [ 0.0000000e+00  0.0000000e+00  0.0000000e+00]
  ...
  [ 0.0000000e+00  0.0000000e+00  0.0000000e+00]
  [ 0.0000000e+00  0.0000000e+00  0.0000000e+00]
  [ 0.0000000e+00  0.0000000e+00  0.0000000e+00]]

 [[ 0.0000000e+00  0.0000000e+00  0.0000000e+00]
  [ 0.0000000e+00  0.0000000e+00  0.0000000e+00]
  [ 0.0000000e+00  0.0000000e+00  0.0000000e+00]
  ...
  [ 0.0000000e+00  0.0000000e+00  0.0000000e+00]
  [ 0.0000000e+00  0.0000000e+00  0.0000000e+00]
  [ 0.0000000e+00  0.0000000e+00  0.0000000e+00]]

 [[ 0.0000000e+00  0.0000000e+00  0.0000000e+00]
  [ 0.0000000e+00  0.0000000e+00  0.0000000e+00]
  [ 0.0000000e+00  0.0000000e+00  0.0000000e+00]
  ...
  [ 0.0000000e+00  0.0000000e+00  0.0000000e+00]
  [ 0.0000000e+00  0.0000000e+00  0.0000000e+00]
  [ 0.0000000e+00  0.0000000e+00  0.0000000e+00]]]


